0
1
2
2
3
3
4
4
5
5
6
9
9
10
10
12
12
13
14
15
16
17
17
17
19
19
20
20
21
21
23
24
25
27
27
30
30
31
33
37
38
39
41
43
44
45
46
46
48
50
53
54
55
55
55
55
56
58
58
59
59
59
59
60
61
62
62
62
62
64
64
65
66
67
68
68
70
71
72
72
73
74
74
75
76
77
79
79
79
79
80
80
80
84
84
84
84
85
89
91
92
92
93
93
94
95
96
97
97
98
100
100
101
102
103
104
104
106
106
108
108
110
111
113
115
115
116
117
117
117
119
122
122
123
123
123
126
126
126
129
130
132
133
135
135
136
137
138
141
141
144
145
148
148
150
151
152
153
153
154
157
158
158
159
161
161
162
163
164
165
165
166
169
170
171
172
173
173
174
175
178
178
179
180
182
182
183
184
185
186
187
188
189
189
192
193
193
193
196
198
199
200
200
200
200
201
202
202
202
203
204
204
205
205
205
206
209
212
214
215
215
219
219
219
220
223
224
224
224
226
226
232
232
237
241
241
241
243
245
245
245
245
246
246
248
249
250
251
253
254
254
254
258
259
262
264
265
267
268
270
271
273
274
274
276
277
278
280
281
281
282
284
285
286
289
289
289
291
295
296
296
297
299
299
300
301
301
304
304
304
305
306
308
308
309
310
311
313
314
314
315
318
318
318
320
320
321
323
326
326
327
328
329
329
329
330
331
332
333
334
335
335
336
337
338
341
344
346
347
347
348
348
351
352
353
353
353
354
358
358
359
360
361
361
362
363
364
366
368
369
371
373
373
373
374
375
377
377
379
379
379
379
379
380
380
381
382
384
385
386
386
388
389
391
392
394
395
395
396
397
398
400
400
401
401
402
402
402
403
404
404
405
410
410
411
412
412
413
414
416
417
417
419
419
423
425
425
425
428
429
429
430
430
431
433
434
434
436
437
439
441
446
447
451
451
452
452
456
456
456
456
457
457
458
459
460
461
462
464
466
467
467
469
469
473
473
473
475
475
475
476
477
479
480
480
481
482
483
483
485
485
486
486
487
488
490
492
493
494
495
496
498
498
499
500
500
501
501
502
502
504
505
505
506
507
507
508
509
511
511
511
511
513
513
517
517
521
523
523
524
524
525
525
528
530
530
530
532
534
534
535
537
537
537
538
540
541
544
544
547
549
549
553
554
555
555
557
557
558
559
559
560
561
562
564
565
566
566
567
567
568
571
571
572
573
574
577
578
579
581
581
581
582
582
583
584
584
585
586
586
587
588
588
588
589
589
590
590
591
593
596
596
599
600
602
603
604
605
605
607
608
611
611
612
613
613
615
615
617
617
619
620
623
623
625
627
627
627
627
628
629
630
633
634
634
635
636
636
636
636
640
640
640
641
642
644
644
646
646
647
648
648
649
651
652
653
656
657
658
658
658
659
659
662
662
663
665
666
668
668
672
672
673
673
675
676
677
677
677
678
679
680
681
684
685
686
686
688
688
688
690
691
691
694
695
697
698
698
699
699
699
700
701
701
703
704
706
708
709
709
711
712
714
714
715
716
716
716
717
718
718
719
719
720
721
722
723
725
727
727
728
729
729
730
731
731
732
737
739
739
740
740
740
741
742
743
745
748
748
750
750
752
752
753
755
756
756
759
761
764
765
766
766
766
767
768
768
774
775
777
777
777
778
778
778
779
781
784
785
785
788
789
789
789
790
790
790
791
792
792
792
793
794
795
796
797
799
800
803
803
803
804
805
805
805
806
811
811
812
812
813
814
814
819
820
820
821
823
823
823
827
828
829
829
830
830
830
830
830
832
832
833
833
834
836
841
842
842
844
845
846
848
850
852
852
857
857
858
859
859
861
862
862
862
866
866
866
867
868
869
869
870
870
870
871
871
872
873
877
878
878
879
879
879
879
881
886
888
888
891
892
894
898
901
902
903
903
904
905
907
907
907
909
911
913
913
913
914
915
915
917
917
918
921
921
923
923
924
925
932
933
933
934
934
935
936
938
938
938
940
940
941
943
943
944
946
948
951
952
952
952
952
953
953
953
954
954
955
957
960
964
965
967
969
969
971
971
973
974
974
974
976
977
977
977
979
980
983
984
984
984
985
987
987
989
990
993
993
993
993
996
998
1001
1001
1001
1002
1003
1005
1005
1006
1006
1007
1008
1008
1008
1009
1009
1009
1010
1012
1012
1013
1016
1018
1019
1020
1021
1022
1022
1023
1023
1025
1025
1026
1027
1027
1027
1030
1031
1031
1031
1031
1032
1032
1033
1034
1035
1036
1038
1039
1040
1041
1043
1044
1044
1045
1046
1047
1047
1048
1048
1050
1051
1053
1054
1054
1054
1060
1060
1060
1062
1062
1064
1064
1064
1064
1065
1066
1066
1067
1067
1067
1068
1069
1069
1070
1073
1075
1076
1076
1078
1079
1079
1080
1081
1082
1083
1084
1085
1087
1088
1088
1088
1089
1089
1090
1091
1091
1093
1095
1095
1096
1096
1097
1098
1099
1099
1101
1103
1105
1106
1109
1110
1110
1111
1112
1112
1113
1114
1116
1116
1117
1117
1119
1120
1121
1121
1126
1127
1127
1127
1127
1128
1128
1129
1131
1134
1134
1135
1136
1137
1137
1138
1140
1140
1141
1142
1142
1142
1142
1144
1147
1148
1150
1150
1151
1151
1152
1153
1153
1154
1157
1158
1158
1158
1160
1160
1161
1162
1162
1164
1164
1165
1165
1166
1169
1169
1170
1171
1172
1172
1173
1175
1178
1179
1179
1179
1182
1182
1183
1185
1185
1185
1185
1186
1186
1186
1187
1189
1192
1193
1193
1194
1194
1194
1195
1196
1198
1199
1199
1201
1201
1205
1206
1206
1208
1209
1210
1211
1212
1213
1213
1214
1215
1216
1216
1219
1219
1220
1222
1223
1224
1226
1227
1229
1231
1232
1234
1236
1236
1237
1237
1240
1241
1243
1244
1244
1244
1246
1247
1248
1249
1249
1250
1250
1252
1254
1254
1255
1256
1256
1257
1258
1260
1260
1261
1261
1262
1264
1264
1266
1266
1269
1276
1277
1277
1277
1278
1278
1279
1281
1282
1282
1282
1284
1284
1286
1288
1288
1290
1292
1294
1294
1295
1296
1296
1298
1300
1301
1302
1302
1306
1308
1311
1313
1313
1313
1313
1314
1316
1317
1319
1320
1321
1321
1321
1322
1323
1324
1325
1326
1327
1327
1328
1334
1334
1335
1335
1337
1339
1340
1341
1341
1342
1342
1344
1344
1347
1348
1349
1349
1350
1352
1353
1353
1353
1354
1354
1355
1355
1356
1358
1358
1358
1360
1361
1362
1363
1363
1366
1367
1368
1373
1374
1374
1374
1375
1375
1376
1377
1377
1382
1382
1383
1386
1386
1388
1388
1389
1389
1391
1392
1393
1393
1394
1396
1397
1398
1400
1401
1402
1403
1403
1404
1405
1406
1406
1406
1407
1407
1408
1409
1412
1412
1412
1413
1414
1414
1417
1417
1418
1419
1421
1421
1422
1422
1424
1425
1425
1426
1426
1430
1431
1431
1431
1432
1432
1432
1432
1437
1437
1439
1439
1440
1441
1443
1444
1444
1446
1448
1451
1452
1452
1453
1453
1455
1455
1455
1458
1461
1462
1463
1464
1465
1467
1467
1467
1468
1469
1470
1471
1471
1471
1472
1473
1473
1473
1474
1475
1475
1475
1476
1476
1480
1481
1482
1482
1484
1486
1486
1486
1486
1488
1488
1490
1490
1490
1494
1494
1495
1495
1497
1497
1498
1499
1499
1500
1500
1501
1501
1501
1501
1502
1502
1503
1505
1505
1506
1506
1506
1506
1507
1507
1512
1513
1515
1518
1519
1520
1521
1521
1522
1523
1525
1526
1528
1529
1530
1532
1532
1533
1535
1535
1535
1536
1536
1537
1537
1537
1537
1540
1541
1541
1543
1544
1547
1548
1548
1550
1550
1551
1552
1552
1553
1555
1555
1556
1557
1557
1558
1559
1559
1560
1560
1560
1560
1564
1564
1565
1565
1566
1570
1570
1573
1574
1574
1575
1578
1579
1579
1580
1582
1584
1584
1584
1588
1589
1591
1591
1591
1594
1596
1599
1599
1602
1602
1603
1606
1609
1609
1610
1611
1612
1612
1613
1613
1614
1615
1615
1615
1617
1619
1619
1621
1621
1624
1626
1626
1627
1627
1629
1630
1631
1631
1631
1632
1633
1634
1634
1638
1640
1643
1645
1646
1648
1649
1649
1649
1651
1652
1652
1653
1656
1658
1659
1660
1660
1661
1664
1664
1665
1666
1667
1667
1667
1668
1668
1669
1670
1671
1671
1671
1673
1674
1674
1675
1678
1681
1682
1682
1682
1682
1683
1684
1684
1686
1687
1689
1691
1691
1692
1692
1693
1694
1696
1696
1698
1698
1699
1699
1699
1701
1701
1702
1702
1703
1703
1703
1704
1704
1710
1711
1711
1714
1715
1716
1716
1716
1717
1718
1722
1724
1726
1726
1727
1727
1729
1730
1730
1731
1732
1732
1735
1738
1738
1739
1739
1739
1741
1743
1743
1743
1745
1746
1746
1747
1747
1748
1750
1751
1751
1752
1753
1753
1753
1754
1755
1756
1756
1757
1758
1759
1760
1761
1762
1762
1763
1765
1766
1773
1773
1773
1773
1774
1776
1776
1776
1776
1776
1778
1778
1780
1781
1783
1783
1784
1784
1786
1786
1787
1788
1790
1790
1792
1795
1795
1796
1796
1798
1798
1800
1803
1805
1805
1807
1808
1808
1809
1809
1810
1811
1814
1815
1815
1817
1817
1818
1818
1819
1821
1821
1822
1824
1824
1824
1826
1827
1827
1828
1829
1829
1830
1830
1833
1833
1833
1834
1834
1835
1835
1835
1836
1840
1840
1840
1842
1843
1843
1844
1844
1844
1846
1848
1849
1850
1850
1851
1852
1856
1857
1857
1857
1857
1858
1859
1859
1860
1860
1861
1862
1863
1864
1865
1867
1871
1872
1874
1875
1876
1879
1879
1881
1881
1883
1883
1883
1885
1885
1885
1885
1886
1886
1886
1889
1889
1890
1892
1892
1893
1893
1897
1899
1900
1901
1902
1903
1904
1905
1906
1906
1907
1907
1910
1910
1910
1911
1911
1912
1913
1913
1913
1914
1914
1914
1914
1915
1917
1918
1918
1918
1919
1922
1922
1926
1927
1930
1930
1932
1933
1933
1933
1933
1933
1935
1937
1937
1938
1940
1942
1943
1945
1945
1947
1947
1948
1948
1949
1949
1950
1950
1951
1951
1954
1955
1955
1956
1956
1958
1960
1961
1961
1963
1964
1964
1968
1973
1974
1974
1976
1976
1977
1978
1981
1981
1982
1982
1982
1983
1984
1986
1986
1991
1993
1994
1995
1995
1996
1997
1998
2000
2001
2001
2001
2002
2002
2004
2004
2004
2004
2005
2007
2007
2012
2013
2013
2014
2015
2016
2017
2018
2018
2020
2020
2020
2021
2022
2023
2024
2024
2025
2027
2027
2027
2028
2029
2029
2029
2030
2031
2031
2031
2032
2035
2036
2036
2036
2036
2036
2037
2038
2038
2039
2040
2040
2041
2042
2042
2046
2046
2047
2050
2051
2051
2053
2054
2055
2056
2056
2056
2057
2058
2059
2060
2061
2062
2062
2062
2063
2063
2064
2064
2065
2066
2066
2066
2067
2068
2068
2068
2071
2071
2071
2072
2076
2081
2081
2082
2084
2086
2090
2091
2092
2094
2096
2096
2097
2097
2098
2098
2099
2100
2102
2103
2103
2105
2108
2109
2109
2110
2110
2111
2111
2112
2113
2113
2114
2114
2114
2114
2115
2119
2119
2120
2121
2122
2122
2125
2125
2126
2129
2130
2132
2133
2133
2134
2134
2134
2134
2137
2139
2139
2140
2140
2141
2142
2142
2142
2142
2144
2145
2145
2145
2146
2146
2148
2148
2148
2149
2151
2153
2160
2160
2161
2162
2163
2164
2165
2165
2170
2170
2171
2171
2172
2175
2176
2176
2177
2177
2177
2178
2178
2178
2180
2180
2181
2182
2183
2183
2184
2184
2185
2186
2187
2188
2189
2190
2191
2192
2192
2193
2193
2194
2194
2195
2195
2195
2195
2196
2196
2197
2198
2200
2200
2204
2205
2206
2206
2206
2206
2207
2207
2208
2209
2210
2211
2213
2213
2213
2214
2215
2216
2219
2219
2220
2221
2221
2224
2225
2226
2228
2228
2229
2229
2231
2232
2234
2234
2235
2236
2238
2238
2239
2239
2241
2242
2242
2243
2244
2244
2245
2245
2245
2246
2249
2251
2251
2252
2252
2252
2254
2257
2257
2257
2258
2258
2259
2259
2260
2261
2262
2263
2264
2265
2265
2267
2268
2269
2270
2270
2270
2271
2271
2271
2272
2272
2273
2273
2273
2276
2276
2276
2276
2276
2278
2279
2280
2281
2282
2283
2283
2284
2286
2288
2289
2291
2292
2292
2293
2294
2295
2297
2298
2299
2300
2300
2300
2301
2302
2303
2305
2307
2310
2311
2311
2315
2317
2317
2319
2319
2319
2322
2322
2323
2324
2324
2324
2325
2325
2326
2327
2328
2328
2328
2329
2329
2329
2329
2331
2331
2331
2333
2333
2333
2334
2334
2334
2334
2336
2337
2338
2339
2339
2340
2341
2342
2344
2344
2345
2346
2348
2348
2350
2351
2352
2353
2356
2358
2362
2363
2363
2364
2364
2367
2367
2370
2370
2371
2371
2371
2372
2372
2374
2377
2379
2384
2385
2387
2387
2387
2388
2390
2391
2391
2392
2393
2393
2394
2394
2394
2395
2395
2396
2396
2396
2396
2397
2397
2399
2400
2405
2406
2407
2408
2408
2409
2410
2410
2410
2410
2412
2413
2414
2415
2415
2416
2416
2417
2418
2419
2419
2420
2420
2422
2425
2425
2426
2426
2426
2428
2428
2431
2431
2431
2431
2432
2433
2435
2436
2440
2442
2443
2445
2446
2447
2448
2448
2449
2451
2451
2452
2454
2455
2456
2458
2458
2460
2461
2462
2467
2467
2468
2470
2470
2471
2472
2472
2474
2475
2477
2479
2479
2480
2480
2480
2481
2485
2486
2486
2486
2488
2488
2488
2489
2489
2489
2489
2490
2490
2490
2491
2491
2492
2493
2494
2494
2494
2495
2497
2499
2500
2501
2501
2502
2502
2502
2502
2503
2503
2504
2504
2505
2505
2505
2506
2507
2508
2509
2509
2512
2513
2513
2519
2519
2519
2519
2522
2523
2523
2525
2525
2526
2527
2529
2530
2530
2530
2531
2531
2531
2532
2532
2533
2534
2534
2535
2537
2538
2539
2540
2540
2541
2543
2543
2543
2545
2546
2546
2550
2551
2552
2554
2556
2556
2558
2559
2560
2562
2563
2563
2563
2564
2564
2565
2565
2566
2566
2566
2566
2569
2569
2572
2572
2572
2572
2574
2574
2575
2576
2576
2577
2580
2580
2582
2583
2584
2586
2586
2587
2587
2588
2589
2589
2590
2590
2591
2592
2592
2593
2593
2593
2593
2594
2595
2595
2597
2597
2599
2599
2599
2601
2602
2603
2604
2604
2605
2606
2608
2608
2609
2610
2612
2613
2614
2615
2618
2619
2620
2620
2621
2622
2622
2623
2623
2624
2626
2626
2627
2627
2628
2630
2630
2630
2632
2636
2636
2642
2642
2642
2643
2644
2644
2645
2646
2647
2648
2648
2648
2648
2648
2649
2650
2651
2651
2651
2653
2655
2656
2658
2659
2659
2660
2661
2661
2663
2664
2665
2666
2666
2667
2668
2669
2669
2669
2670
2671
2672
2673
2673
2674
2675
2675
2675
2676
2677
2677
2678
2678
2679
2681
2681
2682
2684
2686
2687
2688
2690
2691
2692
2693
2697
2697
2700
2701
2701
2701
2702
2703
2703
2703
2704
2709
2710
2711
2711
2712
2713
2713
2716
2716
2716
2718
2718
2719
2721
2722
2722
2724
2725
2725
2726
2726
2727
2727
2727
2731
2732
2734
2735
2735
2736
2736
2738
2738
2738
2740
2740
2740
2742
2743
2745
2745
2745
2746
2746
2746
2746
2746
2748
2749
2751
2751
2753
2753
2754
2754
2755
2757
2758
2758
2758
2759
2759
2759
2760
2761
2764
2766
2767
2767
2768
2769
2771
2772
2773
2775
2777
2779
2779
2784
2785
2786
2788
2788
2791
2791
2791
2792
2793
2793
2793
2793
2794
2796
2797
2800
2801
2801
2802
2802
2803
2804
2806
2807
2807
2808
2811
2811
2811
2812
2813
2813
2814
2814
2814
2816
2816
2817
2818
2819
2823
2823
2825
2827
2827
2828
2830
2831
2832
2836
2838
2838
2840
2841
2842
2842
2844
2845
2846
2847
2849
2849
2849
2855
2857
2857
2859
2861
2862
2862
2866
2867
2868
2870
2871
2871
2873
2873
2873
2875
2877
2878
2878
2879
2880
2881
2882
2882
2882
2887
2888
2888
2889
2889
2891
2891
2891
2892
2895
2895
2896
2900
2901
2901
2903
2904
2904
2905
2906
2906
2907
2907
2909
2910
2911
2913
2914
2915
2917
2917
2919
2920
2920
2920
2923
2925
2925
2926
2929
2931
2932
2933
2935
2936
2937
2937
2937
2937
2938
2938
2938
2939
2939
2941
2943
2944
2944
2944
2944
2946
2948
2948
2951
2952
2953
2955
2957
2958
2958
2959
2961
2961
2961
2961
2962
2963
2965
2966
2967
2967
2968
2970
2972
2973
2974
2976
2977
2978
2979
2981
2984
2984
2987
2987
2989
2989
2990
2991
2993
2996
2997
2998
2998
2999
2999
2999
3000
3000
3001
3002
3003
3003
3004
3008
3009
3010
3010
3010
3011
3012
3013
3013
3016
3016
3016
3017
3018
3018
3019
3019
3019
3021
3024
3028
3028
3028
3028
3029
3031
3032
3033
3033
3034
3038
3039
3044
3045
3045
3046
3047
3050
3051
3051
3052
3054
3055
3056
3057
3057
3059
3059
3060
3060
3060
3062
3062
3063
3063
3064
3064
3064
3065
3067
3071
3071
3072
3072
3073
3074
3074
3075
3075
3075
3076
3077
3078
3081
3082
3083
3083
3084
3085
3087
3088
3088
3089
3090
3091
3091
3092
3092
3093
3097
3098
3098
3101
3102
3104
3107
3108
3109
3109
3110
3110
3112
3112
3112
3114
3115
3116
3117
3118
3118
3119
3119
3120
3123
3124
3124
3125
3125
3126
3127
3127
3127
3127
3128
3129
3131
3131
3132
3133
3133
3134
3136
3136
3138
3138
3139
3145
3146
3147
3148
3148
3148
3149
3151
3151
3153
3154
3156
3157
3160
3161
3161
3163
3164
3164
3164
3165
3165
3166
3168
3171
3171
3172
3173
3174
3174
3174
3175
3177
3178
3179
3182
3182
3183
3183
3183
3183
3184
3185
3185
3186
3189
3190
3190
3193
3194
3194
3195
3196
3196
3197
3197
3197
3198
3198
3198
3201
3201
3202
3204
3204
3206
3210
3211
3211
3212
3213
3214
3215
3216
3216
3216
3216
3216
3216
3217
3217
3217
3218
3218
3218
3219
3220
3221
3222
3222
3223
3225
3225
3226
3226
3227
3228
3229
3231
3231
3234
3236
3237
3237
3239
3244
3245
3245
3246
3247
3248
3249
3249
3249
3250
3251
3251
3252
3252
3252
3252
3252
3255
3257
3258
3258
3259
3259
3260
3260
3260
3261
3261
3263
3266
3266
3270
3272
3272
3274
3275
3275
3277
3278
3278
3280
3280
3281
3281
3283
3283
3285
3287
3287
3288
3289
3289
3289
3290
3290
3293
3295
3295
3296
3297
3303
3304
3305
3305
3305
3307
3308
3311
3311
3312
3315
3315
3315
3316
3317
3317
3318
3318
3318
3322
3324
3324
3326
3326
3327
3332
3332
3333
3334
3334
3334
3337
3339
3341
3345
3346
3346
3347
3347
3347
3351
3351
3351
3351
3353
3353
3354
3355
3356
3358
3358
3358
3359
3360
3364
3364
3365
3365
3365
3366
3367
3367
3368
3368
3370
3371
3372
3373
3373
3374
3374
3375
3376
3376
3378
3379
3380
3380
3381
3383
3384
3385
3387
3388
3388
3389
3389
3390
3390
3393
3394
3394
3394
3395
3396
3396
3397
3397
3397
3399
3399
3400
3402
3402
3404
3406
3409
3409
3409
3410
3414
3416
3417
3417
3418
3419
3419
3420
3420
3420
3423
3423
3424
3425
3426
3426
3427
3427
3428
3428
3429
3430
3430
3431
3432
3433
3436
3437
3437
3438
3438
3438
3438
3439
3440
3442
3442
3442
3443
3443
3444
3444
3445
3445
3445
3446
3446
3447
3447
3448
3451
3453
3453
3455
3456
3456
3457
3458
3458
3459
3462
3464
3465
3465
3466
3466
3466
3472
3474
3474
3475
3475
3477
3477
3477
3479
3479
3480
3482
3482
3484
3485
3485
3485
3485
3485
3485
3487
3487
3487
3488
3489
3489
3490
3491
3491
3491
3491
3491
3493
3493
3494
3494
3496
3497
3497
3498
3500
3501
3501
3502
3503
3504
3504
3504
3507
3510
3510
3515
3518
3519
3521
3522
3523
3527
3528
3529
3530
3530
3532
3532
3533
3534
3534
3535
3535
3536
3538
3539
3539
3540
3540
3540
3541
3542
3542
3544
3544
3544
3545
3548
3549
3550
3552
3552
3552
3553
3553
3554
3555
3555
3556
3559
3559
3561
3561
3562
3563
3563
3564
3569
3570
3570
3573
3575
3575
3577
3577
3577
3578
3580
3581
3582
3584
3587
3587
3588
3588
3589
3590
3591
3591
3592
3593
3594
3597
3598
3598
3600
3600
3602
3602
3603
3604
3604
3607
3607
3608
3608
3608
3609
3610
3612
3614
3614
3615
3616
3617
3618
3622
3622
3625
3625
3628
3628
3629
3629
3629
3630
3633
3633
3634
3635
3635
3635
3635
3638
3639
3639
3640
3642
3642
3644
3644
3644
3645
3645
3646
3648
3649
3649
3649
3650
3650
3650
3651
3651
3651
3652
3653
3653
3655
3655
3656
3659
3660
3660
3663
3663
3664
3664
3665
3665
3665
3666
3666
3666
3667
3667
3669
3670
3672
3672
3672
3674
3674
3675
3675
3677
3678
3679
3684
3685
3685
3685
3686
3686
3687
3687
3687
3689
3691
3692
3695
3696
3697
3697
3698
3698
3701
3701
3702
3703
3706
3706
3707
3707
3707
3708
3709
3712
3714
3715
3716
3719
3720
3720
3720
3720
3720
3722
3723
3723
3724
3726
3729
3729
3730
3731
3732
3735
3736
3736
3737
3738
3739
3739
3739
3741
3741
3741
3742
3742
3742
3743
3743
3744
3748
3750
3750
3752
3752
3753
3753
3753
3754
3754
3756
3756
3758
3759
3760
3760
3763
3763
3764
3764
3765
3765
3765
3766
3766
3767
3767
3768
3768
3770
3770
3770
3772
3774
3774
3775
3776
3777
3777
3778
3778
3779
3779
3780
3783
3785
3785
3786
3786
3787
3794
3794
3795
3797
3798
3798
3801
3802
3802
3803
3803
3803
3805
3806
3808
3809
3810
3813
3814
3815
3817
3819
3819
3820
3820
3821
3821
3824
3825
3826
3827
3828
3828
3829
3829
3830
3832
3832
3833
3835
3835
3836
3839
3841
3843
3843
3843
3843
3844
3845
3846
3846
3847
3848
3850
3850
3851
3852
3854
3854
3854
3855
3855
3859
3860
3861
3861
3862
3863
3863
3864
3864
3864
3864
3865
3865
3865
3865
3866
3869
3871
3873
3874
3875
3875
3876
3877
3879
3881
3881
3884
3885
3885
3887
3888
3889
3890
3890
3891
3891
3892
3892
3895
3895
3897
3897
3898
3899
3899
3900
3900
3904
3905
3906
3907
3907
3908
3909
3909
3911
3911
3911
3912
3914
3914
3917
3918
3918
3918
3919
3919
3922
3922
3925
3925
3926
3927
3927
3928
3930
3934
3935
3936
3936
3938
3938
3939
3939
3940
3940
3940
3942
3942
3946
3947
3947
3949
3949
3950
3951
3954
3955
3957
3959
3960
3961
3962
3964
3965
3965
3965
3968
3968
3968
3972
3974
3975
3975
3977
3978
3978
3981
3982
3982
3982
3983
3984
3985
3986
3986
3988
3989
3989
3989
3991
3993
3993
3995
3996
3997
3997
3998
4001
4005
4005
4006
4006
4007
4008
4010
4012
4013
4017
4017
4019
4019
4020
4022
4022
4024
4026
4028
4028
4028
4031
4032
4032
4033
4033
4034
4035
4036
4036
4037
4038
4039
4041
4042
4042
4044
4044
4046
4047
4048
4050
4053
4055
4056
4056
4057
4058
4059
4061
4062
4062
4062
4063
4063
4063
4063
4064
4064
4066
4067
4068
4068
4070
4070
4071
4071
4074
4074
4074
4074
4075
4076
4076
4077
4078
4078
4079
4081
4086
4087
4088
4089
4092
4094
4094
4095
4096
4096
4098
4098
4098
4099
4100
4101
4101
4102
4102
4104
4105
4105
4107
4107
4110
4110
4111
4112
4114
4114
4115
4115
4119
4119
4119
4119
4120
4121
4122
4123
4124
4124
4125
4126
4130
4131
4131
4132
4133
4134
4136
4136
4141
4145
4146
4148
4148
4149
4150
4152
4152
4152
4153
4153
4154
4154
4155
4156
4156
4156
4157
4158
4159
4162
4163
4163
4163
4164
4168
4168
4170
4173
4174
4175
4177
4177
4178
4178
4179
4179
4180
4181
4181
4181
4182
4183
4183
4186
4186
4187
4187
4190
4190
4191
4192
4194
4194
4197
4197
4197
4200
4201
4202
4203
4205
4207
4207
4209
4210
4210
4211
4211
4214
4214
4215
4216
4217
4218
4218
4218
4219
4222
4223
4223
4223
4226
4226
4227
4228
4230
4230
4233
4235
4237
4237
4238
4240
4242
4243
4243
4244
4245
4250
4251
4253
4254
4255
4257
4257
4258
4259
4262
4265
4265
4266
4267
4268
4268
4268
4270
4273
4275
4277
4277
4278
4280
4280
4280
4281
4281
4282
4282
4282
4283
4284
4287
4288
4289
4290
4290
4290
4290
4291
4291
4293
4293
4293
4294
4295
4295
4296
4296
4296
4297
4297
4298
4299
4299
4299
4300
4300
4301
4302
4302
4303
4303
4305
4305
4306
4306
4308
4308
4310
4310
4311
4313
4313
4315
4315
4318
4318
4318
4319
4319
4319
4320
4324
4325
4325
4325
4326
4327
4330
4333
4335
4335
4336
4337
4339
4340
4341
4342
4346
4347
4347
4347
4348
4349
4349
4350
4350
4351
4352
4353
4354
4354
4355
4356
4357
4358
4360
4361
4362
4362
4362
4363
4365
4366
4368
4369
4371
4372
4374
4374
4375
4376
4380
4380
4382
4383
4383
4383
4384
4385
4386
4389
4390
4392
4392
4393
4394
4394
4395
4395
4395
4396
4396
4397
4397
4399
4400
4400
4402
4403
4403
4405
4406
4406
4409
4409
4409
4411
4411
4411
4411
4412
4412
4412
4415
4416
4420
4422
4422
4424
4425
4428
4428
4429
4435
4435
4436
4437
4437
4438
4443
4444
4444
4444
4444
4445
4446
4447
4447
4449
4449
4449
4453
4456
4456
4457
4458
4458
4459
4462
4463
4463
4463
4464
4465
4468
4468
4469
4471
4472
4473
4474
4475
4475
4475
4478
4478
4480
4481
4482
4483
4484
4485
4486
4488
4491
4491
4492
4494
4494
4495
4495
4496
4500
4500
4500
4501
4502
4502
4503
4503
4503
4504
4506
4507
4507
4508
4508
4508
4509
4510
4510
4513
4513
4516
4516
4517
4521
4521
4521
4523
4523
4523
4524
4524
4525
4526
4526
4526
4527
4532
4533
4533
4535
4536
4536
4539
4540
4541
4541
4542
4544
4546
4549
4550
4552
4552
4553
4555
4556
4557
4558
4558
4558
4559
4560
4564
4565
4567
4567
4568
4569
4569
4570
4570
4570
4572
4573
4574
4575
4576
4576
4576
4577
4580
4580
4581
4582
4583
4584
4585
4587
4587
4588
4588
4589
4589
4593
4596
4596
4598
4601
4602
4602
4603
4605
4606
4606
4606
4608
4608
4608
4611
4611
4614
4614
4614
4615
4617
4618
4619
4619
4620
4621
4623
4624
4625
4628
4628
4630
4631
4632
4632
4633
4634
4637
4639
4641
4642
4642
4644
4644
4644
4645
4646
4647
4648
4648
4648
4648
4649
4650
4651
4652
4652
4654
4655
4659
4659
4659
4659
4660
4662
4663
4664
4664
4665
4666
4666
4667
4667
4668
4668
4670
4670
4671
4672
4672
4673
4673
4675
4679
4686
4687
4687
4689
4691
4691
4692
4692
4692
4692
4692
4693
4693
4693
4693
4695
4696
4699
4702
4703
4707
4709
4709
4709
4709
4710
4713
4713
4713
4714
4716
4716
4719
4720
4721
4724
4724
4726
4728
4729
4729
4730
4731
4732
4733
4733
4735
4736
4737
4737
4738
4739
4739
4740
4740
4741
4741
4744
4745
4746
4747
4748
4749
4749
4750
4751
4751
4752
4753
4753
4754
4754
4754
4755
4755
4756
4758
4758
4759
4759
4759
4761
4762
4763
4763
4764
4765
4766
4766
4767
4768
4768
4770
4772
4773
4773
4773
4773
4774
4774
4778
4779
4779
4780
4789
4789
4790
4790
4791
4791
4793
4793
4793
4794
4797
4798
4798
4799
4801
4803
4805
4808
4809
4812
4813
4814
4815
4815
4816
4821
4821
4823
4823
4823
4824
4824
4828
4829
4829
4829
4831
4832
4835
4835
4836
4836
4838
4838
4844
4844
4844
4845
4845
4846
4849
4850
4851
4851
4852
4852
4852
4853
4854
4855
4855
4855
4855
4855
4856
4856
4856
4857
4858
4859
4860
4861
4862
4864
4864
4866
4866
4866
4867
4867
4869
4870
4872
4873
4875
4876
4876
4878
4878
4878
4879
4880
4882
4883
4883
4884
4885
4885
4885
4886
4886
4887
4887
4889
4891
4892
4893
4896
4898
4899
4899
4900
4901
4901
4903
4905
4906
4907
4908
4908
4910
4910
4911
4911
4911
4912
4912
4912
4917
4920
4923
4923
4924
4926
4928
4928
4932
4932
4935
4936
4937
4938
4939
4939
4939
4939
4941
4941
4942
4942
4945
4947
4947
4949
4952
4953
4954
4955
4955
4957
4958
4958
4959
4960
4962
4963
4964
4964
4964
4965
4965
4966
4966
4970
4971
4972
4975
4975
4976
4977
4979
4979
4980
4982
4983
4983
4984
4984
4985
4986
4986
4987
4988
4989
4989
4993
4994
4994
4995
4995
4997
4998
4998
5000
5000
5001
5001
5001
5002
5004
5005
5007
5009
5011
5013
5015
5019
5020
5020
5020
5021
5022
5023
5023
5024
5027
5029
5031
5033
5033
5033
5035
5036
5041
5042
5043
5044
5044
5044
5046
5047
5047
5048
5049
5051
5052
5054
5055
5055
5056
5057
5057
5057
5058
5059
5059
5062
5062
5063
5064
5065
5066
5066
5066
5067
5067
5068
5069
5070
5070
5071
5072
5073
5074
5074
5074
5075
5077
5078
5078
5078
5079
5079
5080
5080
5081
5081
5084
5085
5086
5086
5087
5088
5088
5090
5090
5090
5091
5091
5093
5094
5094
5095
5097
5098
5099
5100
5100
5101
5101
5102
5102
5104
5104
5105
5107
5108
5108
5110
5111
5111
5112
5112
5112
5112
5114
5115
5117
5117
5117
5118
5118
5119
5120
5121
5124
5124
5125
5126
5127
5129
5131
5134
5134
5136
5136
5140
5141
5142
5142
5142
5144
5144
5144
5145
5145
5145
5146
5147
5147
5147
5148
5148
5148
5149
5149
5151
5154
5154
5155
5155
5156
5156
5157
5157
5158
5159
5159
5160
5161
5164
5164
5165
5166
5166
5167
5168
5168
5173
5175
5176
5177
5177
5178
5182
5183
5184
5184
5185
5185
5187
5187
5188
5189
5190
5193
5195
5195
5196
5197
5199
5199
5201
5201
5201
5204
5205
5207
5207
5208
5209
5210
5212
5213
5215
5215
5216
5216
5216
5217
5218
5220
5220
5222
5224
5224
5224
5225
5226
5227
5228
5230
5230
5230
5231
5233
5234
5234
5235
5236
5241
5242
5244
5244
5245
5245
5246
5247
5248
5248
5249
5249
5250
5251
5251
5251
5252
5253
5254
5254
5255
5256
5256
5256
5256
5257
5258
5258
5259
5260
5260
5260
5260
5262
5262
5263
5263
5263
5264
5265
5265
5266
5266
5267
5269
5270
5271
5271
5272
5273
5274
5275
5275
5275
5276
5277
5277
5279
5281
5282
5285
5286
5287
5288
5290
5291
5292
5292
5292
5293
5293
5293
5294
5296
5298
5298
5300
5301
5301
5301
5301
5303
5303
5304
5304
5304
5304
5304
5305
5306
5306
5307
5310
5311
5315
5316
5317
5318
5320
5320
5322
5322
5323
5324
5324
5325
5327
5329
5329
5330
5331
5333
5333
5334
5334
5334
5335
5335
5335
5336
5338
5339
5339
5342
5343
5343
5347
5348
5349
5351
5351
5353
5356
5357
5360
5360
5360
5365
5367
5370
5370
5370
5371
5371
5372
5373
5373
5374
5376
5376
5376
5376
5377
5379
5381
5383
5384
5386
5386
5387
5388
5390
5391
5392
5392
5392
5393
5393
5393
5394
5395
5395
5395
5396
5397
5397
5398
5400
5401
5401
5403
5405
5405
5407
5412
5413
5413
5414
5414
5416
5417
5418
5421
5423
5423
5425
5427
5428
5428
5429
5430
5430
5431
5431
5432
5436
5437
5437
5439
5439
5441
5444
5446
5446
5447
5447
5447
5448
5449
5450
5450
5451
5451
5451
5452
5453
5453
5453
5454
5455
5455
5456
5456
5457
5457
5458
5459
5460
5461
5462
5464
5465
5465
5465
5467
5468
5469
5470
5470
5471
5471
5472
5474
5477
5478
5481
5481
5483
5483
5484
5484
5484
5485
5485
5490
5494
5495
5496
5497
5497
5498
5499
5500
5501
5504
5511
5512
5513
5513
5514
5516
5517
5518
5519
5519
5519
5519
5521
5522
5522
5522
5523
5524
5525
5526
5527
5531
5531
5532
5533
5534
5535
5536
5537
5538
5539
5541
5542
5542
5543
5543
5544
5546
5547
5549
5549
5550
5550
5553
5553
5555
5560
5560
5561
5562
5562
5565
5567
5568
5570
5570
5571
5571
5571
5572
5576
5578
5579
5579
5579
5581
5584
5585
5587
5589
5589
5589
5591
5591
5592
5592
5593
5593
5593
5594
5595
5595
5595
5597
5598
5598
5599
5601
5601
5602
5604
5606
5607
5607
5609
5610
5610
5611
5611
5612
5612
5613
5613
5614
5614
5614
5620
5620
5621
5623
5624
5629
5629
5631
5636
5637
5637
5637
5639
5640
5640
5641
5644
5645
5646
5648
5648
5650
5652
5652
5652
5654
5655
5656
5656
5656
5656
5657
5659
5659
5660
5660
5660
5667
5669
5669
5670
5670
5671
5673
5673
5674
5674
5676
5677
5677
5677
5678
5678
5679
5679
5680
5680
5680
5682
5682
5683
5684
5686
5687
5688
5689
5689
5689
5691
5692
5692
5692
5694
5694
5696
5696
5697
5697
5700
5701
5702
5702
5704
5704
5704
5704
5706
5707
5708
5708
5709
5714
5714
5716
5720
5721
5723
5723
5724
5725
5725
5725
5726
5727
5728
5729
5730
5732
5732
5732
5733
5738
5738
5738
5741
5741
5742
5742
5743
5744
5745
5746
5747
5748
5748
5751
5753
5753
5755
5756
5756
5757
5758
5758
5759
5760
5760
5760
5764
5764
5766
5769
5770
5770
5771
5772
5776
5777
5777
5779
5779
5779
5780
5781
5783
5784
5784
5784
5785
5785
5786
5787
5787
5788
5788
5789
5789
5791
5792
5792
5792
5792
5792
5793
5793
5798
5799
5800
5801
5801
5804
5805
5805
5807
5807
5807
5808
5811
5815
5815
5815
5815
5818
5818
5819
5820
5822
5822
5824
5824
5825
5825
5825
5825
5825
5826
5826
5827
5827
5827
5827
5828
5829
5829
5830
5833
5834
5834
5834
5835
5836
5837
5838
5839
5840
5842
5843
5844
5844
5845
5845
5847
5847
5849
5851
5852
5852
5854
5854
5857
5859
5860
5861
5862
5863
5864
5864
5867
5869
5869
5870
5871
5872
5872
5873
5875
5875
5876
5876
5876
5877
5878
5878
5879
5882
5882
5883
5885
5886
5886
5887
5888
5889
5890
5890
5893
5894
5895
5895
5895
5896
5896
5897
5898
5899
5903
5904
5905
5905
5906
5909
5909
5910
5911
5911
5912
5913
5914
5914
5914
5915
5915
5917
5918
5919
5919
5920
5920
5920
5921
5921
5923
5923
5925
5927
5929
5930
5931
5932
5933
5935
5935
5935
5939
5940
5941
5941
5941
5943
5944
5945
5946
5948
5948
5949
5949
5949
5949
5951
5951
5954
5954
5956
5957
5960
5960
5960
5960
5961
5961
5962
5962
5962
5963
5963
5963
5964
5965
5967
5972
5972
5972
5972
5974
5975
5977
5980
5980
5981
5981
5981
5982
5983
5985
5985
5985
5986
5987
5988
5989
5990
5993
5995
5996
5996
5997
5997
5998
5999
5999
6000
6001
6002
6002
6005
6007
6007
6008
6008
6008
6008
6009
6010
6010
6011
6014
6015
6016
6019
6020
6021
6021
6022
6022
6023
6023
6024
6024
6025
6025
6028
6029
6030
6030
6030
6030
6030
6031
6033
6035
6035
6037
6037
6038
6039
6039
6040
6040
6041
6041
6041
6042
6047
6048
6048
6050
6050
6051
6052
6053
6054
6054
6054
6055
6055
6056
6057
6058
6058
6059
6060
6063
6063
6065
6066
6067
6067
6067
6067
6068
6070
6071
6072
6074
6074
6076
6077
6077
6078
6078
6079
6079
6080
6081
6083
6084
6084
6085
6086
6086
6087
6088
6088
6089
6089
6092
6094
6096
6096
6098
6099
6101
6104
6104
6106
6106
6106
6106
6107
6108
6113
6114
6115
6117
6118
6118
6119
6119
6121
6121
6123
6125
6126
6126
6126
6128
6128
6131
6131
6131
6132
6133
6133
6135
6136
6138
6139
6140
6142
6145
6147
6148
6149
6151
6152
6152
6153
6153
6154
6156
6160
6161
6162
6163
6165
6165
6166
6168
6169
6172
6173
6173
6175
6175
6176
6177
6181
6182
6184
6184
6185
6185
6187
6188
6189
6190
6193
6195
6196
6196
6196
6197
6198
6200
6200
6201
6202
6205
6205
6207
6209
6210
6211
6214
6214
6215
6218
6220
6222
6222
6222
6225
6226
6228
6229
6229
6230
6231
6231
6235
6235
6235
6236
6237
6238
6240
6241
6241
6242
6242
6246
6248
6249
6250
6251
6251
6252
6254
6254
6255
6255
6255
6255
6255
6256
6257
6257
6258
6258
6258
6258
6258
6259
6259
6260
6261
6261
6262
6262
6263
6264
6266
6268
6269
6269
6270
6271
6271
6271
6274
6276
6278
6279
6280
6280
6283
6283
6283
6284
6285
6286
6286
6288
6288
6288
6289
6289
6289
6290
6293
6293
6298
6299
6300
6303
6303
6304
6305
6305
6306
6307
6308
6309
6309
6310
6310
6311
6313
6314
6314
6315
6316
6320
6320
6323
6325
6325
6327
6327
6329
6329
6329
6331
6331
6333
6333
6336
6336
6337
6340
6341
6341
6342
6343
6344
6346
6346
6349
6349
6350
6355
6356
6357
6357
6358
6359
6359
6361
6361
6362
6362
6362
6365
6365
6366
6368
6369
6371
6371
6375
6375
6376
6376
6377
6377
6380
6381
6382
6382
6387
6387
6389
6389
6389
6389
6391
6391
6391
6392
6393
6394
6395
6395
6395
6396
6396
6396
6397
6397
6397
6398
6400
6401
6403
6404
6405
6406
6412
6419
6420
6421
6423
6425
6428
6429
6430
6433
6434
6435
6436
6438
6439
6440
6440
6440
6441
6444
6449
6449
6450
6450
6452
6454
6455
6457
6457
6457
6457
6458
6458
6459
6459
6461
6461
6463
6466
6466
6467
6469
6470
6470
6472
6473
6473
6474
6477
6477
6478
6478
6478
6479
6483
6484
6484
6485
6485
6486
6486
6489
6489
6491
6492
6492
6494
6494
6494
6495
6496
6498
6499
6501
6503
6505
6508
6508
6509
6510
6511
6513
6514
6515
6516
6516
6517
6521
6525
6526
6526
6526
6526
6527
6527
6528
6529
6531
6533
6533
6535
6536
6537
6538
6538
6540
6540
6541
6541
6542
6543
6543
6545
6545
6547
6551
6552
6553
6553
6554
6554
6555
6556
6556
6559
6559
6559
6559
6560
6561
6562
6563
6564
6566
6566
6568
6570
6571
6571
6571
6573
6573
6574
6574
6575
6575
6575
6576
6576
6577
6577
6577
6578
6579
6581
6581
6582
6582
6584
6587
6588
6588
6592
6594
6601
6602
6603
6603
6605
6605
6605
6606
6606
6607
6609
6609
6609
6610
6610
6612
6614
6616
6616
6617
6618
6618
6619
6621
6622
6624
6626
6627
6627
6628
6628
6628
6629
6631
6631
6631
6632
6632
6634
6635
6635
6635
6637
6639
6639
6639
6639
6640
6642
6642
6642
6643
6644
6644
6644
6645
6646
6646
6647
6647
6648
6650
6650
6652
6654
6654
6656
6657
6659
6661
6661
6661
6662
6662
6664
6664
6664
6665
6665
6665
6667
6668
6669
6669
6669
6669
6671
6673
6673
6674
6675
6675
6676
6677
6678
6679
6680
6680
6682
6683
6684
6687
6689
6690
6690
6690
6691
6693
6694
6695
6695
6696
6696
6698
6701
6701
6702
6704
6706
6707
6710
6710
6712
6712
6714
6714
6714
6714
6715
6716
6716
6717
6717
6720
6722
6722
6722
6722
6724
6727
6728
6730
6731
6732
6734
6734
6734
6735
6735
6735
6736
6738
6740
6741
6742
6742
6742
6742
6743
6743
6744
6744
6744
6745
6745
6747
6747
6748
6749
6750
6750
6751
6751
6752
6754
6755
6759
6760
6761
6764
6765
6767
6768
6772
6772
6772
6773
6774
6774
6775
6775
6775
6776
6777
6778
6779
6780
6780
6780
6781
6785
6786
6786
6787
6787
6787
6788
6788
6789
6789
6790
6790
6790
6790
6793
6793
6794
6794
6797
6797
6798
6798
6798
6799
6802
6805
6806
6807
6807
6808
6808
6809
6809
6812
6816
6817
6820
6821
6822
6822
6823
6824
6824
6826
6827
6827
6827
6827
6830
6830
6830
6831
6831
6831
6831
6832
6832
6832
6834
6835
6836
6836
6836
6836
6836
6837
6837
6841
6842
6843
6844
6844
6845
6845
6847
6848
6849
6850
6851
6852
6853
6853
6856
6857
6858
6859
6859
6859
6860
6861
6862
6863
6863
6863
6865
6865
6865
6867
6868
6870
6870
6872
6872
6872
6873
6874
6875
6875
6876
6876
6878
6879
6879
6879
6880
6880
6881
6882
6884
6884
6886
6887
6888
6889
6891
6891
6892
6892
6892
6893
6895
6898
6900
6904
6908
6909
6909
6910
6912
6913
6914
6916
6916
6917
6919
6920
6920
6921
6921
6922
6922
6923
6924
6924
6925
6926
6927
6927
6932
6933
6935
6935
6935
6939
6940
6940
6941
6942
6943
6947
6948
6950
6955
6957
6958
6960
6960
6960
6961
6962
6962
6963
6963
6964
6966
6967
6971
6971
6971
6972
6973
6974
6974
6976
6978
6979
6981
6982
6984
6986
6987
6988
6988
6992
6992
6994
6997
6998
6998
6998
6998
7000
7000
7001
7002
7003
7003
7003
7004
7004
7005
7005
7008
7008
7009
7009
7009
7010
7010
7012
7014
7015
7020
7023
7023
7024
7025
7025
7026
7026
7026
7028
7029
7030
7031
7032
7032
7032
7034
7035
7037
7037
7037
7039
7041
7041
7042
7043
7043
7045
7045
7046
7046
7046
7046
7048
7050
7051
7052
7053
7053
7055
7058
7059
7061
7062
7063
7067
7067
7067
7068
7070
7070
7071
7071
7071
7073
7073
7073
7073
7074
7076
7077
7078
7078
7079
7079
7079
7081
7081
7082
7084
7085
7085
7086
7088
7090
7090
7093
7094
7096
7096
7098
7099
7099
7101
7101
7104
7105
7105
7106
7106
7107
7108
7110
7111
7112
7113
7113
7115
7115
7117
7117
7117
7117
7118
7118
7121
7122
7123
7123
7124
7124
7127
7128
7131
7132
7133
7133
7134
7136
7138
7139
7140
7141
7141
7141
7141
7142
7143
7144
7144
7144
7145
7145
7149
7149
7152
7153
7154
7155
7155
7156
7157
7158
7158
7158
7158
7159
7162
7164
7167
7167
7168
7168
7169
7170
7174
7174
7175
7177
7177
7178
7179
7179
7179
7181
7182
7183
7185
7185
7185
7185
7187
7188
7188
7189
7190
7191
7192
7194
7196
7196
7197
7198
7199
7199
7200
7204
7206
7207
7207
7208
7210
7211
7212
7212
7213
7215
7219
7221
7221
7222
7222
7223
7224
7224
7225
7226
7227
7228
7228
7230
7231
7232
7234
7234
7234
7234
7234
7235
7235
7235
7236
7236
7237
7238
7239
7240
7240
7241
7241
7242
7246
7247
7247
7250
7253
7253
7253
7254
7255
7255
7255
7255
7256
7256
7256
7257
7257
7258
7260
7261
7261
7262
7263
7263
7264
7265
7266
7266
7266
7267
7269
7270
7270
7271
7272
7273
7274
7275
7275
7275
7276
7278
7280
7280
7283
7283
7285
7286
7286
7287
7288
7289
7292
7293
7293
7293
7294
7297
7298
7298
7299
7300
7300
7302
7303
7304
7304
7304
7306
7309
7309
7309
7309
7311
7315
7317
7318
7320
7320
7321
7322
7322
7323
7324
7325
7326
7326
7327
7330
7331
7333
7334
7334
7335
7335
7335
7337
7338
7341
7341
7341
7342
7343
7346
7347
7347
7349
7349
7351
7351
7352
7352
7353
7355
7355
7355
7356
7357
7357
7359
7359
7362
7362
7363
7363
7364
7365
7366
7366
7368
7368
7370
7370
7371
7373
7374
7376
7378
7381
7383
7383
7384
7386
7389
7391
7392
7392
7392
7392
7393
7393
7397
7398
7399
7399
7399
7400
7401
7403
7404
7404
7404
7406
7408
7408
7408
7409
7410
7412
7413
7414
7416
7419
7420
7421
7423
7424
7425
7425
7427
7428
7429
7431
7432
7433
7438
7440
7443
7444
7444
7444
7444
7445
7445
7445
7445
7445
7446
7447
7447
7448
7450
7450
7450
7451
7455
7456
7456
7457
7457
7457
7458
7459
7459
7461
7463
7463
7465
7465
7466
7467
7467
7469
7469
7469
7470
7471
7472
7474
7474
7475
7475
7475
7476
7476
7477
7479
7479
7481
7482
7482
7482
7484
7484
7485
7485
7485
7485
7486
7487
7488
7488
7490
7490
7492
7492
7495
7498
7498
7498
7499
7500
7500
7504
7506
7507
7508
7510
7510
7513
7514
7516
7520
7520
7521
7522
7522
7523
7523
7523
7524
7526
7527
7527
7529
7532
7534
7536
7536
7537
7537
7538
7538
7543
7544
7544
7545
7547
7549
7550
7550
7550
7551
7554
7555
7555
7555
7555
7556
7559
7559
7561
7561
7562
7563
7565
7566
7566
7567
7567
7567
7568
7569
7569
7574
7575
7575
7577
7579
7581
7581
7583
7584
7586
7586
7587
7589
7589
7589
7589
7590
7590
7594
7594
7595
7595
7595
7597
7598
7598
7601
7601
7601
7603
7604
7605
7607
7608
7611
7612
7613
7613
7613
7614
7616
7616
7616
7619
7619
7619
7621
7622
7622
7623
7623
7625
7626
7626
7626
7627
7627
7629
7631
7631
7631
7634
7634
7634
7635
7637
7637
7638
7639
7641
7641
7642
7643
7643
7645
7645
7645
7646
7647
7647
7647
7649
7650
7652
7653
7653
7653
7656
7656
7657
7657
7657
7657
7658
7658
7658
7659
7659
7661
7662
7662
7663
7663
7663
7664
7665
7668
7669
7670
7670
7670
7672
7673
7674
7675
7676
7676
7677
7679
7681
7682
7683
7683
7684
7685
7687
7687
7688
7688
7689
7691
7691
7691
7692
7693
7695
7695
7696
7696
7697
7699
7699
7701
7702
7705
7705
7706
7707
7708
7710
7711
7711
7711
7712
7714
7716
7716
7716
7717
7718
7718
7718
7718
7719
7720
7721
7722
7722
7724
7724
7725
7728
7729
7731
7732
7733
7733
7735
7735
7735
7737
7740
7740
7741
7741
7741
7741
7742
7742
7743
7745
7746
7747
7747
7748
7748
7748
7748
7749
7752
7753
7755
7756
7756
7759
7763
7764
7764
7769
7769
7769
7770
7771
7772
7772
7773
7776
7778
7779
7780
7780
7782
7784
7784
7786
7786
7787
7789
7790
7790
7791
7792
7797
7799
7800
7801
7802
7802
7803
7804
7804
7804
7806
7807
7808
7809
7810
7811
7811
7812
7813
7814
7814
7815
7816
7817
7817
7818
7818
7818
7821
7821
7822
7822
7823
7823
7824
7824
7824
7825
7825
7826
7827
7829
7830
7831
7833
7834
7837
7838
7838
7838
7839
7840
7841
7842
7844
7845
7848
7848
7849
7850
7850
7851
7852
7852
7853
7855
7855
7855
7856
7856
7856
7856
7856
7857
7859
7859
7859
7860
7865
7865
7865
7866
7867
7867
7867
7869
7870
7872
7872
7873
7873
7875
7875
7875
7876
7876
7878
7879
7881
7881
7881
7882
7882
7882
7883
7883
7886
7886
7887
7890
7890
7891
7891
7892
7892
7893
7897
7897
7897
7899
7899
7900
7901
7905
7905
7907
7909
7910
7910
7911
7912
7912
7912
7913
7916
7917
7919
7920
7921
7922
7922
7922
7923
7923
7926
7927
7928
7929
7930
7932
7934
7934
7935
7936
7937
7937
7938
7939
7939
7941
7942
7942
7943
7943
7944
7944
7945
7948
7949
7950
7951
7951
7953
7955
7955
7956
7956
7956
7956
7957
7957
7958
7958
7960
7960
7961
7963
7963
7964
7964
7965
7966
7966
7967
7968
7968
7971
7972
7972
7975
7975
7979
7980
7981
7982
7982
7983
7986
7987
7987
7987
7989
7989
7990
7992
7993
7997
7997
7998
7999
8001
8001
8004
8006
8006
8007
8008
8009
8010
8011
8011
8012
8012
8013
8015
8017
8018
8020
8020
8021
8030
8030
8031
8032
8032
8035
8037
8038
8038
8038
8041
8041
8041
8041
8042
8042
8044
8044
8044
8046
8047
8047
8047
8049
8049
8049
8049
8050
8052
8054
8054
8055
8057
8058
8059
8060
8062
8062
8065
8066
8067
8067
8067
8067
8069
8070
8071
8072
8076
8076
8077
8078
8079
8080
8083
8084
8085
8085
8086
8086
8087
8087
8087
8087
8088
8089
8090
8090
8091
8092
8094
8094
8094
8094
8096
8096
8097
8099
8099
8100
8102
8102
8104
8105
8107
8107
8107
8109
8111
8111
8113
8113
8113
8117
8117
8117
8117
8118
8119
8120
8121
8121
8122
8122
8122
8124
8126
8129
8129
8130
8130
8131
8131
8135
8136
8137
8137
8139
8139
8139
8140
8143
8144
8145
8145
8147
8148
8150
8150
8150
8153
8154
8154
8155
8156
8158
8158
8159
8161
8161
8162
8163
8166
8166
8166
8166
8166
8167
8167
8169
8169
8173
8173
8173
8173
8174
8174
8174
8174
8175
8179
8179
8181
8181
8182
8183
8183
8185
8186
8187
8187
8188
8188
8189
8189
8189
8190
8191
8191
