8192
8191
8190
8190
8190
8189
8188
8187
8187
8185
8184
8184
8183
8182
8181
8181
8180
8179
8178
8173
8173
8172
8170
8170
8169
8167
8167
8165
8164
8163
8163
8162
8162
8159
8158
8157
8156
8156
8156
8151
8150
8150
8149
8147
8146
8145
8144
8144
8143
8142
8141
8139
8138
8138
8137
8136
8136
8135
8135
8135
8134
8134
8133
8133
8132
8131
8130
8130
8130
8130
8129
8129
8126
8126
8123
8123
8122
8121
8121
8119
8119
8118
8117
8113
8112
8112
8111
8110
8110
8109
8108
8108
8108
8108
8107
8107
8106
8105
8104
8102
8102
8100
8098
8098
8098
8097
8097
8097
8095
8092
8092
8091
8088
8088
8088
8085
8081
8081
8081
8080
8076
8076
8076
8075
8075
8075
8074
8072
8071
8071
8070
8065
8065
8062
8060
8060
8059
8059
8059
8059
8058
8058
8058
8057
8057
8054
8053
8052
8052
8052
8051
8051
8050
8050
8050
8049
8048
8048
8047
8045
8045
8044
8042
8041
8041
8038
8038
8038
8037
8035
8034
8034
8033
8033
8032
8030
8030
8030
8029
8029
8027
8027
8026
8025
8025
8025
8020
8020
8020
8018
8017
8016
8015
8012
8012
8011
8011
8010
8009
8008
8005
8005
8003
8002
8002
7998
7997
7995
7995
7995
7994
7994
7994
7994
7993
7993
7990
7990
7989
7984
7984
7984
7983
7983
7982
7979
7979
7978
7978
7978
7977
7977
7977
7975
7975
7972
7972
7971
7971
7970
7970
7969
7968
7966
7964
7964
7964
7963
7963
7962
7962
7961
7960
7959
7959
7958
7957
7956
7956
7955
7954
7954
7954
7953
7949
7949
7949
7948
7947
7947
7947
7947
7944
7943
7941
7941
7941
7939
7939
7936
7934
7931
7930
7930
7929
7929
7929
7928
7928
7928
7927
7927
7927
7926
7925
7925
7924
7921
7921
7919
7918
7917
7917
7916
7914
7913
7913
7908
7907
7906
7906
7906
7905
7905
7903
7902
7900
7899
7898
7897
7897
7895
7895
7894
7893
7892
7891
7890
7889
7888
7888
7887
7886
7886
7885
7883
7883
7882
7882
7879
7878
7878
7875
7875
7875
7874
7874
7874
7873
7873
7872
7872
7870
7870
7869
7869
7868
7867
7867
7866
7866
7863
7863
7863
7862
7860
7859
7858
7857
7855
7855
7854
7854
7854
7853
7851
7850
7850
7849
7849
7848
7848
7847
7846
7845
7845
7844
7844
7838
7837
7836
7836
7835
7833
7831
7829
7829
7828
7827
7822
7822
7821
7819
7819
7817
7817
7814
7814
7813
7813
7813
7810
7810
7809
7806
7806
7805
7805
7804
7803
7803
7801
7799
7798
7797
7795
7795
7795
7794
7793
7793
7792
7790
7789
7788
7787
7786
7785
7783
7782
7777
7776
7776
7775
7775
7774
7774
7774
7774
7772
7771
7770
7768
7768
7766
7764
7763
7762
7761
7759
7759
7758
7757
7755
7754
7753
7753
7752
7749
7749
7749
7748
7748
7747
7745
7742
7742
7740
7739
7738
7736
7736
7736
7735
7734
7734
7733
7732
7732
7732
7731
7731
7730
7729
7728
7728
7727
7724
7723
7723
7721
7716
7716
7715
7715
7715
7714
7713
7712
7712
7712
7712
7710
7709
7709
7709
7708
7706
7705
7705
7703
7703
7702
7701
7700
7699
7699
7697
7697
7695
7694
7693
7691
7691
7691
7690
7690
7690
7689
7688
7687
7686
7686
7684
7682
7682
7681
7680
7679
7677
7676
7675
7675
7675
7674
7674
7673
7672
7672
7672
7671
7671
7670
7669
7668
7668
7667
7666
7666
7665
7661
7660
7659
7657
7657
7657
7656
7656
7655
7655
7655
7654
7654
7653
7652
7651
7651
7650
7650
7650
7649
7649
7649
7648
7648
7647
7647
7647
7646
7640
7640
7640
7639
7638
7637
7637
7637
7637
7637
7637
7634
7634
7633
7632
7632
7631
7631
7630
7629
7628
7625
7624
7623
7623
7622
7619
7619
7618
7618
7618
7618
7615
7615
7615
7610
7608
7607
7607
7607
7607
7606
7606
7606
7605
7605
7605
7604
7604
7604
7602
7601
7601
7601
7601
7600
7600
7598
7598
7597
7597
7596
7594
7593
7590
7586
7585
7584
7584
7583
7583
7582
7580
7579
7577
7574
7574
7573
7569
7568
7567
7567
7565
7564
7564
7562
7562
7561
7560
7559
7559
7559
7558
7558
7556
7556
7555
7554
7554
7554
7552
7551
7550
7550
7549
7548
7546
7546
7543
7542
7541
7541
7540
7540
7539
7539
7539
7538
7538
7538
7537
7536
7536
7536
7535
7534
7532
7532
7529
7528
7527
7527
7526
7521
7521
7521
7520
7519
7519
7518
7518
7518
7517
7514
7514
7513
7512
7510
7509
7509
7509
7508
7506
7505
7504
7503
7503
7502
7499
7499
7497
7497
7497
7495
7494
7494
7493
7491
7490
7490
7489
7489
7488
7487
7487
7486
7486
7484
7484
7483
7482
7482
7482
7481
7481
7480
7479
7478
7477
7476
7475
7472
7472
7472
7471
7471
7470
7469
7469
7464
7464
7464
7463
7460
7459
7456
7456
7455
7455
7454
7453
7451
7448
7443
7442
7441
7441
7439
7436
7436
7435
7434
7434
7433
7429
7429
7429
7427
7426
7425
7424
7423
7422
7422
7421
7421
7421
7420
7420
7419
7416
7415
7415
7412
7412
7411
7410
7409
7408
7406
7406
7404
7404
7401
7401
7401
7400
7399
7399
7398
7397
7396
7394
7394
7394
7393
7392
7391
7390
7390
7390
7389
7386
7385
7385
7384
7383
7383
7382
7381
7379
7379
7379
7379
7378
7378
7377
7377
7377
7376
7375
7373
7372
7370
7370
7368
7367
7366
7366
7364
7363
7362
7362
7361
7361
7361
7359
7358
7357
7357
7357
7356
7356
7355
7354
7352
7352
7352
7352
7350
7350
7350
7348
7347
7345
7342
7341
7341
7341
7341
7340
7337
7334
7333
7333
7332
7331
7330
7329
7329
7327
7325
7324
7324
7324
7322
7321
7319
7319
7318
7317
7317
7316
7315
7314
7314
7312
7309
7309
7307
7305
7305
7304
7303
7303
7302
7300
7300
7299
7298
7298
7297
7297
7296
7296
7294
7293
7291
7289
7288
7288
7287
7287
7287
7287
7285
7284
7283
7283
7282
7279
7278
7275
7274
7272
7272
7272
7270
7269
7268
7265
7264
7263
7261
7260
7260
7260
7259
7258
7257
7256
7256
7256
7255
7255
7253
7251
7250
7249
7249
7249
7247
7245
7243
7242
7242
7240
7238
7234
7234
7233
7233
7233
7232
7231
7224
7224
7224
7223
7223
7222
7222
7221
7221
7220
7220
7220
7217
7215
7208
7207
7206
7206
7206
7204
7204
7203
7203
7201
7201
7201
7200
7200
7199
7199
7197
7194
7194
7192
7191
7191
7191
7190
7189
7189
7189
7187
7184
7184
7184
7183
7183
7182
7182
7181
7179
7178
7177
7176
7176
7173
7172
7172
7169
7168
7168
7167
7167
7166
7166
7165
7165
7165
7163
7161
7160
7159
7159
7156
7155
7155
7154
7152
7152
7151
7150
7149
7149
7148
7148
7146
7142
7142
7140
7139
7137
7136
7136
7135
7134
7134
7134
7131
7130
7129
7128
7125
7124
7122
7122
7120
7120
7117
7115
7114
7114
7112
7111
7111
7111
7110
7108
7108
7108
7106
7106
7105
7105
7103
7102
7101
7101
7101
7100
7100
7099
7099
7099
7098
7097
7096
7094
7091
7090
7089
7086
7086
7084
7083
7082
7082
7082
7081
7079
7078
7076
7076
7076
7069
7068
7067
7062
7062
7059
7058
7057
7057
7056
7055
7054
7054
7053
7052
7051
7051
7051
7050
7049
7048
7047
7047
7047
7046
7045
7044
7043
7041
7041
7039
7038
7037
7029
7029
7026
7025
7025
7022
7021
7021
7021
7020
7019
7017
7016
7015
7014
7013
7013
7012
7012
7010
7010
7009
7008
7008
7008
7006
7005
7005
7004
7002
7000
7000
7000
6999
6998
6998
6998
6997
6997
6995
6994
6993
6993
6990
6988
6988
6987
6987
6985
6985
6984
6984
6983
6983
6983
6982
6978
6977
6976
6976
6974
6974
6973
6973
6971
6971
6970
6969
6969
6969
6968
6965
6965
6964
6960
6960
6959
6958
6958
6955
6952
6951
6951
6951
6950
6949
6947
6946
6946
6946
6945
6945
6943
6943
6940
6937
6937
6935
6934
6933
6931
6929
6928
6928
6928
6928
6927
6927
6926
6924
6924
6922
6920
6920
6920
6920
6919
6919
6919
6919
6919
6918
6918
6917
6917
6916
6915
6915
6914
6913
6911
6910
6908
6907
6906
6905
6904
6899
6898
6895
6894
6894
6893
6888
6887
6886
6885
6884
6884
6881
6881
6880
6880
6877
6877
6877
6877
6875
6875
6874
6871
6871
6868
6865
6865
6865
6864
6863
6862
6861
6861
6861
6861
6858
6858
6857
6856
6854
6853
6852
6850
6850
6850
6849
6849
6846
6843
6843
6843
6842
6841
6840
6839
6837
6836
6834
6833
6833
6832
6831
6831
6831
6829
6829
6829
6829
6828
6827
6823
6823
6822
6821
6820
6819
6818
6813
6812
6811
6811
6809
6808
6808
6806
6806
6804
6803
6803
6800
6800
6800
6798
6797
6796
6796
6796
6795
6794
6794
6793
6792
6789
6789
6788
6788
6788
6787
6787
6786
6786
6786
6785
6783
6783
6783
6782
6782
6782
6781
6777
6775
6774
6774
6774
6774
6773
6773
6772
6772
6771
6770
6770
6770
6768
6766
6765
6763
6762
6758
6757
6757
6756
6755
6753
6753
6751
6749
6749
6747
6746
6746
6745
6743
6742
6740
6740
6738
6737
6736
6735
6735
6734
6734
6734
6733
6733
6733
6733
6733
6731
6731
6730
6729
6729
6728
6727
6725
6724
6722
6722
6721
6721
6720
6719
6718
6718
6718
6718
6716
6713
6712
6709
6709
6708
6707
6706
6706
6705
6704
6703
6701
6700
6699
6698
6698
6697
6696
6694
6691
6689
6687
6686
6686
6686
6686
6685
6684
6682
6680
6679
6679
6679
6678
6678
6678
6677
6677
6676
6675
6675
6674
6670
6670
6670
6669
6668
6667
6667
6665
6664
6663
6660
6660
6656
6655
6654
6653
6649
6648
6647
6646
6645
6644
6642
6642
6641
6641
6641
6641
6640
6637
6636
6636
6634
6633
6631
6630
6629
6626
6626
6625
6625
6624
6624
6623
6623
6622
6622
6621
6620
6617
6617
6617
6616
6616
6614
6613
6613
6612
6611
6611
6609
6608
6607
6606
6606
6606
6605
6605
6603
6602
6602
6602
6601
6601
6600
6599
6599
6598
6597
6596
6596
6594
6593
6589
6586
6586
6585
6585
6582
6580
6580
6579
6578
6576
6575
6574
6573
6573
6570
6569
6568
6568
6566
6566
6565
6563
6562
6562
6561
6559
6559
6558
6558
6558
6556
6555
6554
6553
6552
6552
6551
6551
6551
6550
6550
6548
6548
6548
6547
6547
6542
6541
6541
6541
6541
6541
6540
6540
6538
6537
6534
6534
6532
6531
6531
6531
6530
6530
6530
6529
6528
6527
6526
6523
6523
6523
6522
6522
6522
6521
6517
6516
6516
6515
6514
6512
6507
6507
6502
6502
6502
6501
6500
6499
6499
6498
6497
6496
6496
6494
6492
6491
6490
6490
6489
6488
6487
6486
6482
6481
6479
6479
6478
6476
6473
6472
6472
6471
6470
6470
6469
6466
6464
6463
6463
6463
6461
6460
6458
6458
6458
6458
6457
6457
6456
6456
6455
6455
6454
6453
6452
6449
6447
6445
6443
6442
6442
6441
6441
6441
6440
6438
6435
6434
6434
6434
6432
6432
6431
6431
6429
6427
6426
6425
6425
6424
6424
6421
6420
6419
6418
6418
6417
6417
6416
6415
6414
6411
6411
6411
6411
6411
6410
6410
6407
6406
6405
6405
6404
6404
6403
6401
6400
6400
6400
6398
6398
6398
6397
6395
6395
6394
6394
6394
6390
6389
6389
6388
6388
6387
6387
6386
6385
6385
6384
6382
6382
6380
6380
6380
6380
6379
6378
6377
6376
6376
6375
6373
6372
6368
6367
6366
6366
6366
6365
6365
6365
6364
6363
6362
6362
6362
6361
6361
6356
6355
6353
6352
6352
6352
6351
6351
6351
6351
6350
6350
6349
6346
6345
6345
6345
6344
6343
6342
6341
6341
6340
6340
6339
6338
6338
6338
6337
6336
6336
6335
6332
6331
6328
6328
6327
6327
6326
6326
6323
6322
6321
6321
6318
6318
6317
6316
6316
6316
6314
6311
6311
6311
6308
6308
6306
6306
6305
6304
6304
6302
6299
6299
6298
6298
6297
6295
6295
6294
6293
6292
6292
6292
6291
6291
6290
6290
6290
6289
6288
6286
6286
6286
6284
6284
6284
6283
6283
6279
6277
6276
6276
6274
6273
6272
6270
6269
6269
6269
6267
6267
6267
6266
6266
6262
6262
6261
6258
6258
6257
6257
6255
6255
6253
6252
6251
6251
6250
6250
6250
6248
6248
6247
6245
6244
6243
6243
6241
6241
6241
6241
6240
6239
6239
6238
6234
6234
6233
6232
6231
6231
6230
6230
6229
6229
6228
6228
6227
6226
6224
6223
6222
6221
6220
6219
6219
6219
6218
6217
6213
6213
6212
6212
6210
6208
6207
6207
6205
6205
6204
6200
6200
6199
6198
6198
6195
6193
6193
6192
6192
6191
6188
6188
6188
6187
6187
6186
6186
6186
6184
6182
6182
6181
6181
6179
6178
6177
6176
6176
6175
6174
6174
6174
6174
6173
6173
6169
6168
6168
6167
6167
6167
6167
6166
6165
6163
6162
6162
6162
6162
6162
6160
6159
6157
6157
6155
6154
6154
6151
6150
6148
6148
6146
6145
6141
6141
6141
6140
6139
6138
6137
6136
6136
6136
6135
6134
6129
6128
6128
6127
6126
6124
6124
6124
6121
6121
6119
6118
6116
6115
6115
6115
6115
6114
6113
6112
6112
6108
6105
6105
6105
6105
6105
6105
6102
6101
6096
6096
6094
6092
6092
6087
6086
6085
6085
6081
6081
6081
6079
6079
6078
6078
6078
6077
6076
6074
6073
6072
6072
6070
6069
6069
6069
6068
6068
6067
6067
6066
6065
6065
6064
6063
6063
6061
6059
6059
6058
6058
6058
6056
6054
6053
6052
6052
6051
6050
6048
6047
6045
6045
6044
6044
6044
6043
6043
6043
6042
6040
6037
6033
6032
6031
6031
6030
6029
6028
6027
6027
6026
6026
6026
6024
6020
6020
6020
6019
6019
6018
6017
6016
6015
6013
6013
6013
6012
6011
6011
6008
6008
6007
6006
6005
6005
6003
6003
6002
6002
6002
6001
6000
5997
5997
5996
5995
5994
5993
5993
5992
5992
5991
5991
5991
5985
5985
5985
5985
5984
5984
5984
5983
5983
5981
5980
5978
5977
5977
5977
5975
5974
5973
5972
5967
5966
5966
5966
5965
5964
5964
5963
5963
5962
5961
5961
5959
5958
5957
5955
5952
5951
5950
5949
5949
5948
5948
5948
5945
5943
5942
5941
5940
5939
5939
5938
5937
5934
5933
5933
5933
5933
5930
5930
5929
5929
5927
5926
5926
5925
5925
5925
5923
5920
5919
5918
5918
5915
5915
5914
5914
5913
5913
5913
5911
5911
5910
5910
5909
5908
5907
5906
5906
5905
5903
5902
5901
5900
5900
5899
5898
5898
5898
5897
5896
5894
5894
5891
5891
5891
5891
5890
5889
5889
5888
5887
5885
5884
5881
5881
5880
5880
5880
5877
5877
5876
5875
5874
5873
5873
5872
5872
5872
5871
5871
5869
5869
5868
5868
5867
5867
5866
5866
5862
5862
5861
5860
5859
5858
5858
5858
5858
5856
5854
5853
5851
5851
5850
5850
5845
5843
5842
5841
5841
5840
5839
5838
5837
5837
5837
5836
5835
5835
5834
5831
5831
5830
5830
5830
5830
5829
5828
5826
5825
5824
5824
5824
5823
5822
5822
5822
5822
5821
5820
5820
5819
5818
5818
5817
5816
5814
5812
5811
5810
5810
5809
5809
5807
5806
5806
5805
5804
5803
5802
5802
5799
5799
5799
5797
5796
5792
5792
5792
5790
5789
5785
5781
5777
5775
5773
5773
5773
5772
5769
5769
5768
5768
5762
5762
5762
5761
5760
5760
5758
5756
5756
5755
5754
5753
5753
5753
5752
5749
5748
5748
5747
5747
5745
5745
5744
5744
5743
5742
5742
5742
5739
5738
5738
5737
5736
5736
5735
5735
5734
5729
5729
5727
5727
5727
5726
5726
5725
5725
5724
5724
5723
5722
5722
5721
5721
5719
5718
5714
5713
5712
5711
5709
5709
5709
5708
5708
5707
5707
5706
5704
5703
5703
5702
5701
5699
5698
5697
5697
5694
5691
5691
5691
5690
5690
5689
5688
5688
5687
5685
5684
5684
5682
5681
5680
5679
5678
5677
5677
5677
5676
5675
5673
5672
5672
5672
5669
5669
5668
5668
5667
5665
5664
5664
5663
5661
5660
5659
5658
5657
5655
5655
5654
5653
5653
5651
5651
5649
5649
5649
5648
5645
5645
5644
5644
5643
5642
5639
5638
5636
5633
5631
5628
5626
5626
5625
5624
5624
5623
5620
5618
5618
5610
5610
5608
5607
5606
5601
5600
5598
5596
5596
5595
5592
5592
5592
5591
5591
5589
5589
5584
5584
5584
5584
5584
5584
5583
5582
5582
5582
5581
5581
5578
5576
5576
5575
5574
5573
5572
5571
5570
5570
5570
5570
5570
5569
5568
5566
5566
5564
5564
5563
5563
5562
5560
5559
5558
5557
5557
5556
5555
5554
5552
5551
5551
5550
5550
5549
5549
5549
5548
5547
5546
5545
5537
5537
5536
5535
5535
5530
5527
5527
5527
5527
5525
5523
5523
5523
5521
5521
5520
5517
5516
5516
5515
5514
5513
5513
5512
5511
5511
5509
5509
5509
5507
5506
5506
5503
5500
5499
5497
5496
5496
5495
5493
5492
5492
5491
5491
5490
5489
5488
5487
5487
5486
5485
5485
5485
5484
5484
5483
5483
5482
5482
5481
5481
5480
5479
5478
5478
5477
5476
5476
5476
5475
5474
5473
5473
5472
5472
5471
5470
5470
5470
5470
5469
5469
5469
5468
5467
5466
5466
5466
5465
5465
5465
5462
5461
5461
5461
5459
5459
5458
5458
5458
5458
5458
5458
5457
5456
5456
5454
5454
5453
5453
5453
5452
5450
5449
5447
5445
5445
5444
5443
5443
5443
5441
5441
5437
5435
5435
5433
5433
5433
5432
5432
5432
5431
5428
5427
5426
5426
5425
5425
5421
5417
5416
5411
5410
5408
5407
5406
5406
5405
5405
5403
5402
5401
5400
5398
5396
5395
5395
5395
5393
5392
5390
5388
5388
5388
5385
5383
5380
5380
5379
5379
5378
5378
5377
5377
5377
5376
5375
5375
5372
5370
5369
5369
5367
5367
5367
5365
5365
5364
5361
5360
5358
5358
5356
5355
5354
5354
5353
5351
5351
5351
5350
5349
5349
5349
5348
5345
5344
5343
5342
5339
5339
5338
5336
5336
5336
5334
5333
5329
5328
5328
5328
5327
5327
5325
5324
5324
5321
5320
5320
5314
5313
5312
5312
5307
5307
5304
5304
5304
5302
5302
5302
5301
5301
5299
5298
5298
5295
5295
5294
5294
5293
5293
5292
5291
5290
5290
5289
5289
5289
5288
5287
5284
5284
5284
5282
5282
5279
5278
5276
5275
5273
5272
5272
5269
5269
5268
5268
5267
5267
5266
5262
5262
5262
5262
5262
5260
5260
5259
5258
5257
5257
5256
5255
5254
5252
5252
5252
5251
5251
5251
5250
5249
5248
5247
5247
5245
5244
5243
5242
5242
5241
5241
5241
5240
5240
5239
5237
5236
5235
5235
5235
5235
5232
5232
5231
5231
5231
5230
5229
5227
5227
5224
5224
5221
5221
5220
5217
5217
5215
5214
5214
5214
5213
5212
5209
5206
5206
5206
5204
5203
5203
5203
5201
5199
5199
5197
5197
5197
5195
5193
5193
5192
5191
5189
5189
5187
5187
5186
5186
5183
5181
5181
5180
5180
5180
5180
5179
5179
5179
5178
5178
5177
5176
5176
5176
5175
5175
5174
5174
5172
5171
5168
5163
5162
5162
5161
5155
5154
5154
5153
5152
5150
5149
5148
5148
5146
5145
5145
5143
5141
5141
5140
5139
5139
5139
5136
5135
5134
5133
5132
5131
5130
5128
5127
5127
5126
5126
5125
5125
5124
5124
5124
5124
5122
5118
5118
5117
5116
5115
5115
5114
5113
5112
5111
5110
5110
5109
5107
5107
5107
5106
5105
5104
5104
5103
5103
5103
5102
5102
5099
5097
5095
5095
5093
5091
5090
5090
5088
5088
5087
5086
5083
5080
5078
5078
5077
5076
5075
5073
5073
5073
5071
5070
5069
5069
5067
5066
5064
5063
5060
5059
5059
5058
5057
5055
5054
5053
5050
5049
5049
5045
5040
5040
5040
5036
5032
5031
5030
5029
5028
5027
5027
5024
5023
5023
5022
5022
5022
5021
5021
5021
5019
5018
5018
5016
5016
5015
5015
5014
5014
5013
5013
5013
5012
5012
5012
5011
5010
5010
5008
5007
5006
5006
5003
5003
5002
5001
4999
4999
4997
4997
4996
4993
4992
4991
4990
4986
4984
4984
4983
4983
4982
4981
4981
4980
4980
4980
4980
4978
4978
4977
4976
4973
4973
4973
4973
4973
4972
4971
4970
4969
4969
4968
4968
4967
4966
4964
4963
4961
4960
4960
4960
4959
4957
4956
4955
4955
4953
4951
4951
4950
4950
4949
4947
4944
4943
4943
4942
4939
4939
4938
4936
4932
4932
4932
4930
4930
4928
4928
4928
4927
4926
4925
4925
4924
4924
4924
4921
4921
4919
4919
4919
4916
4914
4910
4910
4910
4908
4906
4906
4905
4902
4901
4900
4899
4897
4897
4896
4895
4895
4895
4894
4892
4891
4891
4891
4891
4886
4881
4880
4880
4879
4876
4875
4874
4872
4872
4872
4872
4870
4869
4868
4867
4866
4864
4863
4863
4862
4860
4859
4858
4858
4857
4857
4855
4855
4854
4848
4846
4844
4843
4843
4841
4839
4837
4837
4837
4836
4835
4834
4833
4833
4832
4832
4831
4829
4829
4829
4828
4827
4823
4822
4822
4822
4818
4816
4815
4814
4814
4814
4812
4812
4811
4811
4808
4807
4807
4807
4805
4804
4802
4800
4799
4798
4797
4796
4792
4792
4791
4790
4789
4789
4787
4786
4785
4784
4784
4784
4783
4783
4783
4782
4781
4780
4780
4778
4778
4777
4776
4775
4774
4774
4774
4774
4773
4771
4769
4769
4767
4766
4766
4766
4765
4765
4762
4761
4761
4759
4759
4758
4758
4758
4753
4752
4751
4750
4749
4748
4746
4745
4744
4743
4742
4741
4739
4738
4738
4734
4734
4734
4733
4732
4730
4730
4728
4728
4728
4725
4723
4723
4723
4722
4721
4720
4720
4719
4716
4716
4714
4714
4713
4711
4711
4709
4708
4708
4707
4705
4705
4704
4703
4702
4699
4698
4697
4697
4694
4693
4692
4692
4692
4691
4690
4689
4688
4688
4686
4682
4682
4681
4681
4681
4681
4679
4679
4679
4678
4677
4675
4675
4674
4674
4673
4671
4665
4663
4660
4660
4658
4657
4657
4657
4657
4653
4652
4651
4651
4650
4648
4647
4646
4645
4645
4644
4643
4642
4642
4640
4640
4639
4638
4638
4638
4636
4632
4631
4630
4627
4625
4624
4624
4620
4619
4618
4617
4617
4617
4616
4616
4615
4615
4614
4614
4614
4614
4612
4610
4609
4608
4608
4607
4607
4605
4603
4602
4602
4602
4601
4599
4597
4595
4595
4591
4591
4590
4589
4588
4587
4586
4584
4583
4583
4582
4581
4580
4579
4579
4579
4577
4577
4576
4575
4574
4574
4573
4572
4570
4570
4569
4569
4569
4565
4565
4564
4564
4560
4560
4559
4557
4555
4555
4554
4553
4551
4549
4549
4549
4548
4548
4548
4548
4547
4547
4546
4544
4541
4541
4540
4540
4537
4536
4536
4536
4535
4531
4529
4528
4528
4527
4526
4526
4524
4523
4522
4520
4519
4518
4516
4516
4515
4514
4513
4509
4508
4508
4508
4507
4506
4506
4500
4499
4497
4497
4496
4496
4495
4495
4493
4492
4491
4491
4491
4490
4487
4486
4485
4485
4484
4481
4481
4479
4478
4478
4477
4475
4474
4474
4472
4470
4469
4468
4466
4465
4465
4464
4459
4458
4457
4456
4454
4454
4453
4452
4452
4452
4451
4451
4447
4447
4446
4446
4446
4444
4443
4443
4439
4438
4437
4436
4436
4433
4433
4433
4431
4430
4429
4429
4428
4427
4425
4423
4422
4420
4418
4418
4418
4418
4417
4415
4413
4413
4413
4411
4411
4411
4410
4408
4407
4407
4406
4405
4405
4404
4403
4402
4399
4399
4398
4397
4396
4395
4392
4391
4389
4387
4382
4382
4382
4380
4379
4379
4375
4373
4372
4371
4369
4369
4367
4366
4366
4366
4365
4365
4364
4364
4363
4362
4362
4361
4361
4360
4358
4358
4357
4353
4353
4352
4348
4348
4347
4347
4346
4345
4343
4341
4340
4337
4335
4334
4332
4331
4331
4328
4328
4328
4327
4324
4323
4322
4322
4318
4317
4315
4314
4312
4312
4311
4311
4311
4311
4310
4310
4309
4309
4309
4306
4306
4305
4304
4304
4304
4304
4303
4300
4300
4300
4300
4297
4297
4295
4293
4292
4292
4290
4290
4290
4288
4287
4287
4287
4283
4282
4281
4281
4281
4280
4279
4277
4276
4274
4273
4272
4271
4271
4269
4268
4268
4266
4266
4266
4265
4263
4263
4262
4261
4261
4260
4257
4256
4255
4253
4252
4250
4250
4248
4248
4248
4246
4242
4239
4238
4237
4235
4233
4232
4232
4230
4229
4229
4228
4227
4226
4225
4225
4223
4222
4221
4221
4221
4220
4220
4216
4216
4215
4214
4210
4209
4208
4207
4207
4206
4206
4205
4204
4204
4200
4199
4199
4199
4198
4197
4196
4196
4195
4194
4194
4194
4192
4191
4190
4190
4188
4188
4187
4185
4185
4183
4181
4179
4178
4178
4176
4176
4176
4176
4174
4174
4174
4172
4171
4166
4166
4166
4166
4166
4164
4164
4162
4162
4161
4160
4159
4157
4157
4155
4154
4154
4154
4153
4152
4151
4150
4149
4149
4148
4148
4145
4145
4143
4143
4141
4139
4138
4138
4137
4136
4135
4135
4134
4132
4130
4126
4126
4125
4125
4123
4122
4120
4119
4118
4116
4115
4115
4114
4114
4113
4113
4112
4112
4112
4106
4103
4101
4100
4096
4095
4093
4092
4092
4089
4089
4085
4084
4084
4084
4082
4081
4079
4079
4078
4078
4077
4076
4076
4076
4075
4075
4075
4074
4074
4073
4072
4071
4070
4069
4069
4069
4069
4069
4068
4068
4067
4066
4065
4062
4060
4057
4057
4057
4056
4055
4054
4051
4050
4049
4049
4049
4048
4047
4046
4046
4045
4045
4044
4044
4043
4039
4039
4033
4029
4029
4026
4025
4025
4024
4024
4023
4022
4020
4019
4018
4018
4014
4013
4013
4012
4012
4012
4011
4008
4008
4007
4007
4007
4006
4004
4004
4003
4003
4003
4001
3999
3999
3997
3997
3995
3995
3994
3994
3990
3988
3987
3983
3982
3979
3977
3977
3977
3976
3976
3975
3974
3974
3974
3973
3972
3971
3970
3970
3968
3966
3966
3962
3962
3961
3960
3960
3958
3957
3956
3954
3954
3953
3952
3951
3949
3946
3945
3945
3943
3943
3942
3940
3939
3936
3935
3935
3933
3933
3933
3933
3932
3931
3929
3927
3926
3924
3924
3923
3923
3922
3922
3921
3919
3919
3917
3917
3914
3913
3912
3910
3907
3907
3905
3905
3904
3904
3903
3903
3902
3901
3899
3899
3898
3898
3897
3897
3897
3896
3894
3893
3891
3888
3888
3887
3885
3885
3885
3884
3883
3882
3882
3881
3881
3880
3878
3877
3876
3876
3873
3873
3873
3872
3871
3871
3870
3870
3870
3869
3868
3868
3867
3866
3865
3864
3863
3863
3862
3861
3860
3859
3858
3858
3858
3857
3856
3855
3855
3854
3854
3854
3853
3853
3851
3849
3844
3843
3843
3842
3841
3838
3837
3837
3834
3833
3832
3832
3832
3830
3829
3828
3828
3827
3827
3827
3825
3822
3822
3821
3818
3818
3817
3816
3815
3814
3813
3811
3810
3810
3808
3808
3806
3805
3803
3803
3800
3800
3800
3798
3796
3795
3793
3792
3791
3791
3790
3790
3788
3787
3787
3787
3787
3785
3784
3784
3784
3782
3782
3781
3780
3777
3776
3775
3774
3773
3773
3773
3772
3770
3770
3767
3767
3765
3764
3763
3762
3761
3761
3761
3761
3760
3759
3757
3754
3753
3753
3752
3752
3748
3747
3747
3746
3746
3745
3745
3743
3742
3742
3741
3739
3738
3738
3738
3738
3735
3733
3733
3732
3731
3729
3729
3727
3723
3721
3721
3720
3720
3717
3715
3714
3714
3714
3713
3713
3709
3709
3707
3707
3706
3705
3703
3702
3702
3701
3699
3698
3698
3696
3696
3696
3694
3694
3693
3691
3691
3689
3688
3688
3687
3686
3686
3685
3685
3685
3685
3684
3684
3683
3682
3682
3680
3679
3679
3678
3678
3676
3675
3675
3674
3674
3673
3673
3670
3669
3668
3668
3665
3663
3662
3662
3662
3662
3662
3661
3661
3660
3660
3659
3659
3658
3658
3657
3657
3655
3655
3652
3652
3651
3651
3650
3650
3650
3650
3647
3646
3646
3644
3643
3642
3642
3641
3639
3639
3636
3635
3635
3635
3634
3631
3630
3629
3628
3628
3627
3626
3625
3624
3624
3622
3622
3620
3618
3616
3615
3615
3615
3614
3614
3612
3611
3611
3610
3610
3609
3607
3606
3606
3606
3605
3603
3602
3601
3601
3599
3596
3595
3592
3591
3587
3587
3585
3584
3583
3582
3582
3581
3579
3579
3578
3575
3574
3573
3572
3572
3571
3571
3571
3569
3568
3566
3566
3566
3565
3563
3562
3562
3561
3560
3560
3560
3560
3558
3556
3552
3552
3551
3551
3550
3549
3549
3546
3545
3544
3544
3539
3538
3533
3533
3533
3532
3532
3532
3531
3531
3531
3531
3529
3528
3527
3527
3525
3525
3524
3524
3523
3523
3521
3519
3517
3517
3517
3516
3515
3514
3514
3512
3510
3510
3508
3507
3507
3507
3506
3504
3503
3502
3502
3502
3501
3499
3499
3499
3497
3496
3496
3493
3492
3492
3491
3488
3487
3486
3485
3484
3483
3482
3482
3481
3480
3478
3478
3477
3475
3474
3474
3474
3470
3470
3469
3469
3468
3468
3466
3465
3462
3459
3459
3457
3455
3454
3453
3453
3449
3449
3446
3445
3442
3441
3433
3433
3433
3431
3430
3429
3429
3429
3427
3424
3424
3423
3423
3421
3419
3419
3418
3417
3415
3415
3413
3413
3412
3411
3410
3410
3409
3408
3407
3407
3407
3406
3405
3405
3405
3404
3403
3403
3403
3402
3402
3401
3400
3398
3398
3397
3396
3396
3395
3395
3395
3394
3394
3394
3393
3393
3393
3392
3391
3390
3389
3389
3387
3385
3382
3382
3380
3380
3379
3379
3378
3378
3376
3376
3375
3372
3371
3371
3370
3368
3366
3365
3363
3362
3362
3361
3359
3359
3359
3359
3358
3356
3355
3355
3354
3351
3350
3349
3347
3347
3347
3347
3346
3344
3344
3343
3340
3340
3338
3337
3337
3336
3334
3334
3332
3331
3329
3327
3327
3327
3326
3326
3326
3325
3323
3323
3321
3320
3320
3319
3317
3317
3315
3315
3313
3311
3311
3310
3309
3309
3307
3304
3303
3302
3299
3299
3298
3298
3297
3296
3296
3294
3293
3293
3293
3292
3291
3291
3289
3289
3289
3288
3288
3288
3284
3284
3283
3279
3277
3276
3276
3274
3272
3270
3269
3269
3269
3268
3268
3267
3265
3263
3262
3259
3259
3255
3255
3255
3255
3254
3254
3254
3252
3252
3251
3248
3247
3244
3243
3243
3242
3242
3242
3239
3237
3237
3237
3236
3234
3234
3233
3233
3232
3232
3230
3228
3227
3227
3227
3227
3226
3225
3224
3224
3224
3223
3223
3223
3223
3222
3221
3221
3221
3219
3219
3219
3218
3216
3216
3215
3212
3212
3212
3212
3211
3210
3208
3207
3207
3207
3207
3202
3198
3196
3195
3194
3194
3194
3193
3192
3191
3191
3190
3190
3188
3186
3186
3184
3184
3182
3181
3181
3181
3179
3178
3178
3176
3176
3176
3175
3174
3173
3171
3171
3170
3170
3166
3166
3165
3165
3165
3165
3164
3163
3163
3163
3162
3162
3159
3158
3153
3153
3152
3152
3152
3152
3151
3151
3150
3150
3149
3149
3147
3147
3144
3144
3143
3140
3140
3140
3140
3139
3139
3138
3138
3138
3137
3137
3136
3136
3136
3136
3134
3134
3131
3131
3131
3130
3130
3129
3129
3128
3125
3125
3125
3124
3124
3123
3122
3122
3122
3120
3120
3116
3109
3109
3109
3108
3106
3106
3105
3100
3099
3099
3098
3098
3095
3094
3091
3091
3090
3090
3089
3088
3087
3086
3086
3086
3085
3084
3082
3082
3081
3080
3080
3080
3078
3077
3075
3075
3075
3072
3071
3070
3070
3070
3068
3065
3064
3063
3063
3061
3060
3057
3056
3054
3054
3054
3053
3051
3049
3048
3046
3045
3045
3040
3038
3037
3036
3035
3034
3034
3033
3031
3030
3027
3027
3026
3024
3021
3021
3020
3018
3018
3018
3013
3012
3011
3011
3010
3008
3007
3006
3006
3006
3005
3003
3003
3000
2998
2992
2992
2992
2990
2987
2987
2986
2985
2985
2985
2982
2982
2981
2981
2979
2978
2978
2977
2977
2976
2975
2975
2974
2973
2972
2971
2969
2968
2967
2966
2964
2964
2964
2963
2961
2961
2961
2959
2959
2958
2958
2957
2955
2954
2953
2953
2952
2951
2946
2941
2940
2939
2938
2938
2937
2935
2933
2933
2932
2929
2929
2928
2928
2927
2927
2926
2925
2925
2925
2924
2923
2923
2921
2921
2920
2920
2919
2913
2913
2912
2912
2910
2909
2909
2908
2907
2906
2903
2902
2901
2900
2899
2898
2898
2896
2895
2895
2895
2894
2894
2893
2892
2888
2888
2886
2885
2883
2880
2880
2878
2877
2877
2875
2875
2873
2871
2871
2869
2868
2867
2863
2862
2861
2861
2859
2858
2857
2857
2856
2856
2856
2856
2854
2854
2852
2852
2852
2850
2847
2847
2846
2846
2845
2844
2843
2843
2843
2841
2840
2839
2839
2839
2838
2838
2838
2837
2836
2835
2834
2832
2831
2831
2831
2828
2827
2826
2825
2822
2822
2818
2818
2817
2816
2813
2812
2811
2811
2810
2809
2809
2808
2807
2805
2801
2799
2797
2797
2797
2796
2796
2796
2795
2794
2794
2793
2792
2792
2791
2791
2789
2788
2786
2786
2786
2784
2784
2781
2780
2780
2779
2778
2775
2773
2773
2773
2773
2771
2769
2769
2767
2767
2764
2762
2760
2760
2760
2758
2757
2757
2755
2754
2753
2752
2751
2748
2748
2745
2743
2742
2741
2740
2735
2735
2735
2735
2735
2732
2732
2732
2732
2731
2731
2728
2728
2728
2727
2727
2725
2723
2723
2722
2722
2722
2721
2721
2721
2721
2718
2718
2717
2717
2716
2716
2714
2713
2713
2710
2709
2707
2707
2705
2704
2702
2702
2702
2701
2701
2700
2699
2699
2698
2697
2697
2697
2696
2694
2694
2694
2693
2692
2691
2691
2690
2690
2690
2689
2686
2685
2685
2684
2682
2682
2682
2679
2679
2678
2678
2677
2677
2676
2676
2675
2674
2674
2672
2672
2671
2671
2670
2669
2669
2669
2667
2666
2665
2664
2663
2661
2661
2660
2660
2658
2657
2656
2654
2653
2651
2650
2646
2645
2642
2639
2637
2635
2635
2635
2635
2632
2631
2630
2630
2630
2629
2628
2625
2624
2621
2621
2621
2621
2618
2618
2618
2618
2617
2615
2614
2611
2611
2610
2609
2608
2607
2606
2606
2606
2604
2604
2604
2601
2599
2599
2598
2597
2596
2596
2592
2589
2589
2587
2585
2582
2580
2580
2579
2578
2577
2574
2574
2574
2574
2573
2573
2571
2570
2569
2569
2569
2568
2568
2567
2566
2566
2566
2566
2563
2563
2562
2562
2561
2559
2559
2559
2558
2557
2555
2554
2554
2552
2550
2549
2548
2547
2545
2543
2541
2541
2540
2538
2538
2537
2536
2536
2536
2535
2535
2534
2534
2533
2533
2532
2532
2530
2530
2529
2527
2526
2526
2526
2521
2516
2515
2515
2515
2514
2514
2513
2513
2513
2512
2512
2511
2511
2510
2508
2508
2506
2506
2505
2504
2503
2503
2501
2500
2498
2495
2495
2493
2491
2490
2489
2488
2488
2487
2486
2484
2482
2480
2479
2478
2477
2477
2476
2474
2473
2473
2471
2469
2469
2469
2468
2467
2467
2467
2465
2464
2462
2461
2459
2459
2459
2458
2457
2457
2457
2457
2456
2455
2455
2454
2453
2452
2448
2447
2446
2445
2444
2442
2442
2440
2438
2438
2438
2436
2436
2434
2434
2430
2429
2429
2428
2427
2427
2425
2424
2424
2424
2423
2422
2421
2420
2418
2417
2417
2416
2416
2415
2413
2413
2410
2410
2407
2407
2406
2406
2406
2405
2404
2403
2402
2401
2400
2398
2398
2397
2395
2395
2393
2393
2392
2390
2388
2387
2387
2382
2380
2377
2377
2377
2376
2376
2375
2375
2375
2374
2371
2369
2364
2364
2364
2362
2362
2362
2362
2361
2361
2359
2358
2357
2357
2352
2351
2351
2351
2350
2350
2350
2349
2349
2348
2347
2346
2345
2344
2344
2341
2341
2341
2339
2337
2335
2334
2332
2331
2330
2330
2329
2328
2328
2327
2326
2326
2324
2324
2323
2322
2321
2321
2320
2319
2318
2317
2317
2316
2316
2316
2314
2313
2312
2312
2310
2309
2309
2307
2307
2306
2304
2303
2303
2301
2299
2299
2297
2296
2296
2293
2293
2292
2292
2290
2290
2289
2289
2288
2287
2286
2284
2284
2283
2282
2282
2281
2281
2279
2279
2278
2277
2276
2275
2275
2274
2274
2273
2272
2271
2270
2270
2269
2268
2267
2267
2265
2263
2260
2260
2259
2259
2258
2258
2257
2256
2255
2254
2254
2251
2251
2250
2250
2249
2248
2248
2244
2244
2244
2243
2243
2243
2242
2242
2242
2241
2240
2240
2240
2240
2240
2240
2239
2238
2236
2235
2235
2233
2233
2232
2228
2228
2226
2225
2223
2222
2222
2220
2220
2219
2218
2217
2216
2216
2215
2215
2214
2213
2213
2211
2211
2211
2208
2207
2206
2206
2206
2204
2203
2203
2201
2201
2195
2195
2194
2193
2192
2191
2191
2190
2188
2187
2185
2184
2182
2182
2182
2182
2181
2181
2181
2180
2179
2179
2177
2175
2173
2172
2171
2171
2171
2170
2170
2170
2169
2168
2168
2167
2167
2166
2165
2164
2157
2157
2154
2153
2152
2151
2151
2151
2150
2150
2148
2148
2147
2145
2143
2142
2142
2141
2141
2139
2138
2138
2137
2136
2134
2132
2130
2128
2128
2127
2127
2127
2125
2124
2123
2121
2121
2120
2118
2117
2116
2116
2116
2114
2114
2111
2108
2108
2103
2102
2100
2100
2100
2098
2098
2096
2094
2092
2089
2087
2087
2086
2085
2083
2082
2081
2079
2077
2077
2074
2074
2074
2074
2074
2073
2071
2071
2070
2069
2069
2068
2067
2067
2067
2066
2065
2065
2062
2059
2056
2056
2053
2053
2051
2051
2047
2047
2045
2045
2044
2044
2042
2039
2039
2037
2036
2035
2035
2033
2033
2031
2030
2027
2026
2026
2026
2024
2024
2023
2022
2021
2021
2021
2018
2018
2018
2018
2017
2016
2016
2016
2011
2008
2007
2005
2003
2003
2001
2001
2001
1997
1996
1992
1992
1990
1986
1984
1983
1983
1983
1981
1981
1979
1978
1977
1977
1976
1976
1976
1973
1973
1973
1972
1971
1971
1969
1968
1967
1964
1964
1963
1961
1961
1958
1957
1956
1956
1954
1954
1952
1951
1950
1949
1949
1948
1946
1946
1945
1945
1944
1944
1943
1940
1939
1939
1938
1938
1937
1937
1937
1936
1936
1934
1932
1928
1927
1926
1926
1926
1924
1923
1922
1922
1921
1921
1921
1918
1913
1913
1912
1912
1912
1910
1910
1907
1905
1905
1904
1901
1901
1901
1900
1899
1898
1898
1897
1897
1897
1895
1895
1895
1894
1892
1892
1891
1891
1890
1890
1886
1885
1884
1883
1883
1882
1881
1879
1879
1878
1877
1877
1876
1875
1873
1872
1871
1870
1870
1869
1864
1863
1862
1862
1862
1860
1860
1859
1858
1857
1857
1857
1856
1856
1855
1855
1855
1854
1853
1853
1852
1851
1851
1843
1843
1841
1840
1839
1839
1839
1837
1836
1835
1835
1835
1833
1833
1833
1832
1831
1830
1829
1826
1825
1823
1821
1819
1817
1816
1815
1814
1813
1813
1812
1812
1809
1809
1808
1807
1807
1805
1805
1803
1802
1801
1800
1800
1799
1795
1794
1794
1793
1791
1791
1791
1789
1786
1783
1782
1781
1781
1779
1779
1778
1778
1776
1775
1775
1775
1775
1774
1770
1770
1768
1767
1766
1766
1762
1762
1757
1756
1756
1756
1756
1754
1753
1751
1748
1746
1745
1745
1745
1745
1740
1740
1739
1737
1736
1736
1736
1731
1730
1729
1729
1728
1727
1726
1726
1725
1723
1721
1720
1720
1718
1718
1717
1716
1715
1714
1713
1713
1713
1713
1712
1712
1709
1708
1708
1708
1707
1706
1705
1704
1703
1701
1699
1699
1697
1696
1695
1694
1694
1694
1692
1691
1690
1690
1688
1688
1688
1684
1683
1682
1681
1681
1680
1680
1679
1675
1673
1673
1671
1671
1669
1668
1667
1667
1665
1664
1664
1663
1662
1660
1658
1657
1657
1657
1653
1652
1652
1652
1650
1649
1649
1649
1648
1646
1646
1641
1641
1639
1636
1635
1635
1634
1633
1630
1630
1630
1624
1623
1622
1620
1620
1616
1615
1614
1614
1612
1612
1611
1611
1610
1608
1608
1607
1606
1606
1603
1602
1602
1602
1601
1599
1598
1597
1596
1596
1595
1595
1594
1594
1592
1591
1590
1589
1588
1588
1587
1585
1585
1584
1584
1583
1582
1581
1581
1580
1579
1577
1575
1574
1573
1572
1571
1570
1569
1569
1569
1567
1564
1563
1563
1562
1561
1558
1558
1557
1557
1556
1555
1554
1552
1552
1551
1549
1548
1545
1544
1543
1542
1540
1540
1539
1538
1537
1535
1535
1535
1533
1531
1530
1530
1529
1528
1527
1526
1526
1525
1525
1522
1522
1521
1519
1517
1517
1514
1514
1514
1514
1514
1513
1513
1512
1511
1510
1510
1507
1506
1506
1505
1505
1504
1504
1501
1501
1501
1500
1498
1498
1497
1496
1496
1496
1495
1494
1493
1491
1488
1488
1488
1487
1487
1487
1487
1486
1486
1485
1484
1484
1483
1483
1483
1482
1481
1481
1481
1480
1479
1478
1477
1475
1475
1475
1475
1473
1472
1468
1468
1467
1466
1465
1464
1464
1463
1462
1462
1461
1460
1460
1460
1457
1457
1457
1457
1456
1454
1454
1453
1452
1451
1450
1450
1450
1449
1448
1447
1447
1446
1444
1443
1443
1442
1440
1439
1438
1434
1434
1433
1431
1431
1430
1430
1427
1424
1424
1424
1424
1423
1423
1421
1419
1419
1418
1415
1414
1413
1412
1412
1412
1411
1407
1406
1405
1401
1399
1399
1393
1392
1391
1386
1384
1383
1383
1382
1381
1378
1374
1374
1371
1371
1370
1370
1369
1369
1367
1366
1364
1364
1363
1361
1361
1361
1359
1358
1358
1358
1357
1356
1354
1353
1352
1352
1349
1347
1344
1342
1341
1341
1339
1339
1337
1333
1333
1332
1331
1329
1329
1329
1328
1328
1326
1325
1323
1322
1321
1321
1321
1320
1319
1319
1318
1318
1316
1316
1315
1315
1314
1311
1310
1310
1309
1308
1308
1307
1304
1302
1302
1301
1299
1298
1298
1298
1298
1297
1296
1294
1293
1293
1293
1293
1292
1292
1290
1286
1286
1286
1285
1284
1283
1283
1280
1279
1277
1277
1277
1277
1276
1274
1273
1269
1268
1266
1266
1263
1262
1262
1259
1259
1259
1257
1254
1253
1253
1252
1251
1251
1248
1247
1244
1244
1244
1244
1243
1242
1241
1239
1238
1235
1234
1233
1232
1232
1232
1232
1231
1229
1228
1227
1227
1225
1223
1222
1221
1221
1221
1221
1220
1219
1218
1217
1216
1215
1214
1214
1214
1212
1212
1211
1210
1210
1201
1201
1200
1199
1199
1197
1196
1195
1194
1194
1193
1193
1192
1192
1192
1191
1189
1189
1189
1189
1189
1188
1188
1187
1182
1182
1182
1178
1178
1178
1175
1174
1173
1171
1170
1170
1169
1168
1168
1164
1163
1163
1163
1157
1155
1155
1155
1155
1154
1153
1153
1151
1150
1149
1149
1148
1146
1145
1144
1143
1142
1142
1140
1140
1139
1138
1138
1135
1134
1134
1133
1133
1130
1130
1128
1127
1127
1126
1126
1126
1124
1123
1123
1122
1121
1119
1117
1116
1116
1116
1115
1114
1112
1111
1111
1111
1110
1109
1109
1104
1104
1102
1102
1100
1100
1098
1098
1097
1093
1093
1091
1091
1090
1090
1087
1084
1084
1083
1082
1082
1080
1079
1077
1075
1071
1070
1068
1066
1066
1066
1064
1063
1061
1058
1058
1057
1057
1057
1056
1056
1056
1054
1054
1052
1052
1051
1050
1049
1048
1046
1044
1044
1042
1042
1041
1041
1040
1039
1038
1038
1036
1035
1035
1034
1033
1033
1033
1033
1032
1031
1030
1029
1028
1027
1027
1024
1021
1021
1021
1018
1017
1016
1013
1012
1010
1010
1010
1010
1009
1009
1006
1004
1004
1003
1001
1000
999
998
997
994
993
992
991
990
988
987
986
986
985
985
984
982
980
980
979
978
978
978
977
976
973
973
972
971
971
970
969
969
966
966
966
964
964
964
963
960
960
960
959
956
956
955
954
953
951
949
948
947
946
946
945
944
943
940
938
938
938
936
935
934
933
932
929
928
926
924
921
921
921
920
920
919
919
918
917
917
917
915
915
915
914
912
911
911
909
907
907
906
905
904
904
902
902
901
901
901
900
900
899
898
896
894
893
893
892
892
891
888
888
888
887
887
887
887
887
886
886
885
884
880
879
879
879
879
878
877
875
875
874
874
874
872
870
868
865
864
863
863
861
860
858
857
854
854
853
853
853
852
852
851
850
850
848
848
847
845
844
843
842
840
839
839
838
838
837
837
836
835
835
830
830
830
829
828
828
827
826
826
826
825
824
821
818
815
814
814
814
811
808
806
805
803
803
803
801
801
801
800
800
800
800
799
797
796
795
793
793
792
791
789
788
788
786
785
783
782
781
780
779
776
774
774
774
772
772
771
769
769
767
765
765
764
763
762
762
760
759
757
757
755
754
754
753
752
752
749
749
748
745
743
743
741
735
735
734
732
731
729
728
728
727
726
725
724
722
721
718
718
718
717
717
717
716
715
709
709
708
707
706
706
706
705
705
704
702
701
701
701
698
697
696
696
695
695
694
693
692
691
688
686
686
685
684
684
684
683
682
681
680
679
677
677
676
675
674
674
674
673
673
672
671
671
670
669
668
667
663
663
662
661
658
657
655
654
654
654
653
653
652
652
652
652
652
651
651
651
650
649
649
648
648
647
646
643
641
641
637
637
636
635
633
630
629
627
626
625
624
624
624
623
621
618
617
617
617
616
616
616
616
615
615
615
614
612
609
608
606
606
606
605
604
604
603
602
602
601
598
598
598
598
596
595
594
593
592
592
590
589
589
588
587
585
584
584
584
583
583
582
582
581
581
579
577
577
576
575
575
572
572
571
571
569
567
567
566
563
560
560
560
560
559
559
559
558
558
555
554
553
553
553
551
551
551
550
550
549
549
546
546
545
545
543
543
541
541
541
540
539
539
537
537
536
534
534
534
534
533
532
531
528
527
527
525
522
522
522
521
519
519
517
515
515
514
513
512
512
511
511
511
511
511
510
510
509
509
508
507
505
505
505
504
503
503
502
502
501
501
500
500
500
500
499
499
498
498
497
495
495
494
491
490
489
488
487
485
480
480
479
478
476
476
476
476
476
475
474
470
470
468
467
465
464
464
463
461
457
457
455
453
452
452
451
449
445
442
441
439
436
436
436
434
434
433
433
432
429
428
427
423
422
421
420
416
416
414
414
413
413
412
412
409
409
408
408
408
408
407
403
403
402
402
402
400
400
399
398
398
398
397
395
395
392
388
388
388
388
387
386
386
385
382
382
382
382
380
376
372
371
371
371
371
370
370
369
369
368
366
363
361
360
359
358
358
358
358
358
354
353
352
352
351
351
351
349
348
347
347
344
343
342
341
341
341
340
338
338
337
336
335
335
334
333
332
332
331
331
330
328
327
326
326
325
325
322
321
320
319
319
318
312
311
310
310
310
308
308
307
305
305
304
304
303
302
301
299
299
296
296
295
295
294
294
293
293
293
292
292
291
291
288
287
286
286
286
285
285
283
278
276
274
274
273
272
271
271
271
268
266
266
264
263
262
261
259
258
258
257
257
255
253
253
253
252
251
251
248
247
247
245
244
243
243
241
240
240
239
238
238
237
234
232
232
231
229
227
225
223
222
222
221
216
215
214
212
210
209
208
206
204
203
202
202
200
198
197
195
194
194
192
189
188
187
186
185
185
183
183
182
181
181
181
180
178
177
174
174
173
169
168
168
166
164
163
163
162
161
160
157
156
156
156
154
153
153
152
152
150
150
147
147
146
146
145
143
142
139
137
136
135
134
133
133
131
131
129
128
127
127
126
125
125
125
125
123
121
121
119
119
117
116
113
111
109
107
105
105
104
104
104
104
101
100
99
99
98
97
97
96
95
94
93
91
91
90
89
89
88
87
86
84
84
83
82
81
80
77
76
75
70
70
69
69
68
68
68
66
65
62
61
59
59
59
58
58
56
55
54
54
52
52
50
50
49
49
49
48
48
48
48
47
46
45
44
44
43
43
41
40
39
38
37
35
29
27
26
25
24
24
22
22
21
21
20
19
19
19
17
16
13
13
13
12
12
12
10
10
9
8
7
6
4
3
3
3
2
1
