6906
2294
7299
278
6487
6543
2588
1137
2985
1905
7625
6320
82
1945
4116
6994
4801
2019
5090
447
5075
1679
4073
6181
4270
1096
8040
6109
7853
7283
1905
4703
6326
140
2299
6179
2932
6421
170
586
618
175
4063
466
1119
7148
2743
1512
3563
182
7408
1363
3399
6370
6228
5279
6035
334
6422
1473
5230
7063
4114
6328
463
6561
2577
2698
6325
1510
2122
7042
2203
2021
1805
3917
5456
1389
3684
2830
5537
7913
738
1397
2383
1009
143
2703
4731
2340
1817
6732
2349
1220
5744
1029
4639
2409
5025
2086
4185
4849
1229
6085
4322
1731
1861
4858
5291
5589
8032
8099
5387
7700
7409
2821
7246
3270
5296
4991
5602
374
2196
6295
333
1542
21
3354
3502
625
6228
7347
8151
4283
291
4563
4835
711
5739
1642
7230
4832
7391
60
4347
3948
1008
6657
5695
6454
4129
5580
1217
7903
320
6161
5618
123
1180
3127
4713
4527
1454
3095
4829
7569
1832
4824
4688
3418
1265
6075
3662
293
2922
7662
1707
5426
7969
6596
180
2872
2841
220
4906
5684
4895
4109
6188
6980
3880
2374
6028
3475
698
6424
6158
392
517
54
3075
4525
4891
845
1750
264
4655
7468
7072
1228
6886
7535
4114
8131
7725
329
1123
3480
1505
1857
5750
7886
4682
4787
1532
3398
1794
5755
6475
1782
1682
3981
3812
2388
3770
6452
742
5007
2793
2413
3969
4580
4439
5775
2233
4126
5299
7233
7732
2885
6221
7259
6643
3044
5518
1881
6588
877
2492
3455
7517
1571
956
2166
5233
2035
4745
1800
5967
7036
4930
2160
258
3137
2080
3972
3277
3579
5113
4394
692
6075
6696
3240
4084
6301
276
3343
6956
2337
42
787
2771
4266
1682
6970
6191
6682
413
1409
5312
2405
3042
2204
8192
4400
1475
4652
994
412
6832
6374
2255
5930
1511
6871
5778
5253
7006
2817
504
3726
3716
2069
332
5038
6922
5650
5049
4409
3011
4443
4955
219
645
6808
826
7521
6465
2629
234
8066
2203
2862
1099
318
4656
4875
7737
1012
5534
7724
1494
6740
6439
7062
6235
3067
1503
6336
1769
1056
4225
8091
4761
446
144
5099
4939
2987
6431
5942
4913
2769
3998
615
3574
347
3692
3497
601
5330
1263
3465
8091
6636
4315
2026
6104
612
2234
8016
1555
7421
7822
6121
5502
1998
7333
981
7597
3349
3795
6139
766
6704
3702
6286
1433
4356
5283
6394
7054
5030
275
714
4621
1595
7487
2506
7909
1414
6405
2179
3911
6523
7068
3967
6856
4323
910
4443
4159
5531
7433
6582
266
3797
7125
6819
7940
5139
882
8139
4398
881
7498
2385
3167
5301
7971
5086
3162
745
1187
8049
987
1513
1454
7870
715
609
3220
2680
2186
7827
5279
6914
1916
329
7333
7513
7453
2875
3873
5058
575
4318
823
2223
4582
6094
6142
7027
4339
3257
4443
6713
7792
4328
2971
4677
4525
2149
6949
3458
3537
1603
1616
1387
7418
1445
1993
3023
1209
427
4395
7141
1781
6703
2884
7
2019
4812
3166
5312
1519
2013
2818
1730
2759
6558
5642
6150
1875
7987
5703
3689
7888
2327
1355
5952
6015
934
2880
2850
2026
4900
7719
4373
3414
8033
5712
2192
1442
3915
7946
2876
8078
99
1960
3848
2081
5027
1402
777
4139
8088
4027
6480
703
6293
6037
7352
7453
2752
4923
1924
6043
8013
4280
4716
3470
5308
2984
1253
8036
2602
3671
5211
70
6650
474
4476
7667
4231
710
2468
7705
7991
6947
6811
906
6828
5570
6812
7332
1085
7550
2962
3958
4575
3553
7725
2545
1648
3729
967
4150
1490
4722
2194
3125
3190
4889
3999
1311
113
235
4618
6635
4849
6185
3510
7104
5168
1453
1137
3508
5387
3228
6926
861
2333
1401
3525
4400
2639
3373
5932
4361
7443
367
1443
4182
4025
45
4884
2334
3018
3319
5588
1404
4645
656
4628
6435
3323
2047
3287
7340
6269
5801
7564
7575
5247
442
3952
3109
5690
3224
2258
6262
3823
6365
6583
3629
3480
4710
6161
2627
8009
3189
7969
1514
151
6638
5704
1577
3383
6813
674
2110
659
5114
5372
6638
5889
3581
543
3361
3800
709
2590
4695
6226
1815
5482
6848
8055
7759
5064
2495
5213
523
3691
5674
8120
1156
7954
7652
7595
6897
1537
5449
7184
3592
7852
2349
5050
459
4864
8119
3766
561
1452
6849
5441
2233
3914
36
2845
5867
7041
1024
3961
7460
2489
2299
177
1856
2394
1981
5185
4676
2789
7388
2248
7799
5648
5372
2419
4261
2365
1641
1262
1976
6134
495
3396
1872
7661
83
7911
2714
5894
263
7641
6506
6749
3252
5236
5201
3282
4282
4371
4894
7794
3943
6548
691
7653
6027
4577
1401
4511
4431
2213
7867
3603
7145
7118
832
7480
7465
1572
2382
4080
4984
4425
4852
5
3942
5278
6566
1987
6890
6437
4043
1076
7529
6897
5324
7115
2911
3493
4705
4112
2211
4176
1814
5505
6585
3123
650
2910
6851
1413
2934
5771
798
936
328
4202
6714
7948
4353
913
7517
4925
3905
5766
963
1282
6009
3317
2110
5321
1986
1296
5047
673
5175
483
6144
701
3002
3779
3903
4913
1245
938
3538
7767
4344
2868
3692
3897
5585
7403
2154
310
3362
1290
7047
7770
6343
588
7366
7190
7147
8043
1428
5970
2055
6992
3240
3947
3437
4840
1588
5795
6306
281
314
4205
6281
8171
3801
832
7394
4957
2496
1849
4532
6207
4660
5511
5570
7033
12
490
6199
93
1612
509
6932
7894
1552
4664
5142
1243
7762
2389
2230
2165
435
2262
973
3594
6027
2454
2781
7325
6391
2619
2700
24
1891
7806
2466
5661
6936
3515
7199
7401
774
3895
7531
819
4726
6455
7327
3745
1867
5101
1607
3336
3572
4169
2944
364
167
4559
6958
6993
5865
4441
6019
8127
933
2316
7445
7630
3442
6876
4307
6251
2469
186
408
6172
4192
7376
4705
6844
2912
6815
1822
5665
1577
604
3658
5094
3921
7153
1696
2095
6634
5080
5277
1102
2259
6022
7857
4249
1847
1343
2740
6699
7998
76
8083
3208
6209
5733
7689
576
6082
5599
1907
2946
177
5175
3885
4711
7693
2481
2911
6622
7593
2558
2421
2488
5474
1508
296
6336
1404
7559
4678
6944
5190
3175
1304
4770
3670
889
355
7936
365
6339
61
5460
4341
6255
4175
7465
1279
171
2939
1602
6943
7446
5828
1805
7348
8150
5151
6373
3758
3689
2713
10
5196
3616
2580
3208
2896
3010
3091
1967
880
7432
8045
1561
927
1531
6280
6020
7600
2270
2872
7433
6238
633
2567
7806
7544
6067
2047
6615
4343
25
4429
332
397
3397
4830
5666
7603
3546
7476
1268
4458
1855
4374
351
5943
4247
5898
4168
6270
6308
2968
6882
1125
5268
2542
3947
340
3428
6150
1213
4083
6290
1577
7444
424
1633
6298
5049
1787
1339
7822
5381
7184
2424
7103
4923
7356
3071
5893
8167
5364
5607
8035
3706
1071
165
7855
6426
6182
5476
7397
3103
2053
6143
4636
5047
1461
5386
1919
586
1738
4338
7347
1833
3506
2264
539
7395
5204
4404
2349
6732
666
2908
1303
4663
7906
4797
6331
5995
1773
820
7162
2056
6809
7372
2987
236
6205
6943
6172
6828
7886
861
4410
7785
4177
474
7656
698
133
5691
7208
734
6402
8053
3573
5208
372
4745
1416
723
7829
668
7925
7793
4779
2344
8121
1670
4191
281
4361
7603
2394
7960
6874
1173
703
7681
3753
152
5435
1418
7504
4482
6567
3704
6742
2704
5833
5200
4698
6358
4137
5654
4716
7544
3844
2247
8043
4629
7858
1229
165
120
4038
4436
6182
6247
660
4253
6386
3203
6169
565
7569
6339
7693
7156
6277
4701
1581
999
1840
2832
4067
3096
2918
1142
4891
7947
7545
6953
5516
7241
982
4490
1006
3614
5169
3844
3037
82
6125
2158
5875
7283
3325
1204
1647
3137
2545
7606
1425
175
3180
5298
2608
3012
7252
1071
980
3676
6907
3859
3363
4928
2606
3423
1965
3437
3033
1893
6598
7211
1443
1797
1144
4807
7545
1071
7558
7113
1403
1135
4565
4688
6057
806
5751
1680
1277
7558
6337
927
7767
8070
5005
1746
4886
954
1862
3511
5102
608
3900
7835
3720
5774
3537
847
3825
3863
5296
8020
942
5192
3740
711
6579
5608
1961
3792
2659
6656
6028
8054
3139
6204
5624
227
1005
6047
4235
5501
3841
4336
1948
3896
3964
6888
854
7048
5268
6431
169
906
4383
889
3475
262
3346
2113
1148
5154
5886
4002
2896
4810
1616
5923
5345
6121
4138
6739
5311
4818
5181
2728
3001
1393
7730
3112
363
6097
1050
1266
8178
2741
4109
4863
6783
3303
4613
6456
2965
2344
2816
4359
6179
4789
5205
4874
1016
2877
190
2375
3922
1143
3867
1854
111
6310
7641
4962
5317
4102
2529
2986
6847
832
3768
588
7882
2047
5456
5902
1773
58
5220
7192
2589
1585
6477
1180
8015
2824
7539
7205
6312
5568
1364
2441
7859
7717
5568
7856
3928
2539
1085
2071
617
1011
2513
595
4733
6390
6685
7073
434
5834
1280
4889
52
3901
6488
808
3240
3170
5072
7816
1987
4293
3388
5040
942
7060
8178
4689
7603
6463
4704
8170
7249
6320
7997
5122
27
5908
4129
4845
2945
3373
3495
7967
1120
2490
1518
492
1008
3894
4467
4213
4152
3587
3894
2332
6679
5509
6687
4720
7451
1609
3872
2005
1928
1894
7595
7864
3352
7093
7203
1947
4466
6262
2400
959
5653
5901
4181
1061
8068
4365
3941
3186
7272
7406
5461
3421
4819
2494
4428
5965
5836
1691
4571
1697
2070
152
345
1550
1293
3415
2165
6341
7821
2105
6063
5819
760
7568
906
8154
7084
628
1092
4383
5226
2415
506
4581
6558
4703
3093
4070
7699
3383
716
2795
6921
521
6310
7322
2101
7602
1866
1616
4796
4649
2122
4950
2576
1300
5207
3318
8008
6795
7656
4803
3211
7764
3794
5224
1108
3640
222
3903
3271
2091
3773
4189
63
4622
2021
1360
3645
7997
893
2808
2472
7417
194
3575
6545
7919
1537
5638
4877
4920
472
5610
6715
7878
1340
6953
690
1890
5737
263
835
1175
1495
7343
482
109
5524
2808
1661
987
2429
3021
3298
6521
7104
4766
2178
181
6182
1938
6260
3380
5268
6352
2536
3383
8192
2653
7635
4557
6854
4661
7388
1038
4578
7841
4739
5140
8039
879
4913
3638
3792
349
3648
349
3853
4968
5119
2138
2538
6126
6869
6957
4724
1349
2942
1550
5556
5192
7553
469
5526
3527
5396
2541
7767
652
7047
417
1520
619
6470
8144
4239
8049
2054
5482
5524
4837
2080
5592
8124
5594
2507
5051
7603
2184
1665
5608
3804
442
6775
5754
792
1178
787
4565
6820
4137
3466
7113
7515
2354
5111
670
743
1453
5614
6710
4201
254
1214
3720
3907
1918
7670
3373
4748
6675
2571
4009
270
1032
3448
3750
6123
132
1576
7228
2343
2359
3652
3569
4811
2082
6934
8000
1954
8079
4181
7388
2124
561
5691
5874
5754
5386
526
430
2364
5117
3637
619
6892
811
8144
162
2207
6635
4990
3678
5743
3726
3021
3627
5082
4465
1964
3826
154
524
2568
1406
460
1310
2191
4973
7518
2084
3864
2833
5872
7673
3205
1520
717
2201
4674
7656
7293
7567
2685
4497
7690
1754
7508
6434
1142
1270
2228
4591
8141
2791
1779
4689
1358
4692
8066
5236
6029
7891
4197
6925
124
4903
5437
2945
5679
1683
4617
3792
895
5159
732
6635
5928
7382
4876
7294
5829
5955
1769
2996
6156
5721
5504
2151
3036
7656
4786
2282
3331
8187
1414
3520
5729
5256
1072
834
5341
182
1847
7750
1856
7365
5588
4738
4846
6174
6209
1754
856
2315
5657
990
226
6841
6336
1144
6505
5138
3606
2849
5133
1705
2943
3947
1420
5471
4899
3023
1478
1579
6630
3507
7586
663
7344
4556
5419
364
6451
1561
6493
4452
6541
1454
1127
3779
7780
4917
6427
6330
7987
5156
6272
1433
4470
4559
80
5290
7225
6881
540
4559
5795
7482
4092
3487
1828
5233
690
550
7988
2319
1900
5362
6922
7938
5201
7087
5000
4977
6641
6010
6786
886
3307
2786
6504
1929
3643
7670
7687
4379
2908
6162
5709
7619
6427
5083
2920
6866
7480
3008
2293
4338
329
7946
1580
1979
5289
3499
7853
347
7942
7066
6358
5521
4971
1563
686
6530
6596
7015
8084
3601
7724
2179
5086
7617
193
1814
1367
1542
7872
3870
2520
86
7566
292
2231
7637
5469
2300
6190
1737
8046
3989
680
1818
3031
2737
3539
219
7991
1643
3283
4950
1021
7927
4760
3659
1970
5777
3148
3135
6410
1068
6308
4251
5773
2347
5198
7526
3426
8130
3319
4726
3783
7530
7268
2359
2379
4670
2778
2202
7107
5159
6491
8026
8003
4688
198
5522
6840
6353
7524
3892
7131
7296
1652
6075
5407
4239
3822
938
6734
5907
3627
3750
5919
7190
762
6933
3926
7376
7257
1574
3022
2134
7968
6262
99
114
1791
4426
939
999
7436
6386
4374
7987
2558
7282
5837
2363
7986
7180
8050
2684
2343
2274
6596
1568
1824
4950
3155
2352
5488
4861
2851
7396
3156
6909
7696
320
4569
6004
5269
148
802
630
2508
6090
4427
3522
6743
1754
3680
1519
6991
3740
3673
145
1289
2654
7389
7085
1755
7008
6097
147
4293
7919
1293
836
5216
7499
825
4699
2786
4588
4209
4757
6255
5498
2717
5274
6503
1877
5686
3873
6334
1568
7850
1529
2530
4774
7551
6634
5707
365
7178
82
1664
3401
3327
2972
2002
3968
3084
5245
4529
5805
2006
69
5935
6141
2292
4227
7635
7140
3793
3214
4733
7047
4293
1150
537
1123
4788
6267
5957
317
5776
6026
6551
3634
2766
7424
2641
577
3386
915
4014
4753
1126
7427
408
5745
5224
4505
6502
4501
937
6311
8020
7953
4205
2544
2560
5789
341
4362
4610
849
1535
7294
945
1115
3306
1990
70
3449
6627
4092
7728
2796
7057
6212
71
3202
1859
3006
5837
7090
1345
1726
4405
5524
7787
4272
2305
6019
4307
3345
2678
4025
7142
706
2215
4066
7373
2232
7299
5182
2504
953
2247
6662
509
7095
4141
1293
8104
5293
994
6449
1018
1605
7230
4093
1405
665
220
1509
5042
1937
7506
7855
5540
4135
6012
2225
2913
7316
3104
1144
1258
1138
8162
7844
2026
1823
6165
5807
3330
2357
3557
202
7145
5616
2491
845
4576
6615
5877
6792
213
5904
2689
197
8112
7175
600
7226
7320
2014
2040
2627
2305
7274
5584
5718
6751
778
2194
1436
747
5654
1166
1373
738
6734
2102
5409
4260
2458
2031
5394
1808
4945
3042
6777
3009
5554
1769
1662
6290
969
1199
7674
3313
6248
7823
6606
2109
4323
7075
6645
8053
1911
4957
6797
8024
8020
2685
6048
3363
8010
4847
3755
8060
1852
74
3593
6870
2563
2595
6708
1861
4715
5987
3104
3123
1250
5591
4126
2561
5395
549
5765
2907
7725
1537
3371
4970
6517
5197
274
4707
5783
842
6139
2275
452
1483
29
2567
2265
380
5803
4885
7304
950
3335
8010
7475
7064
1422
1127
1479
5893
1418
3446
1644
5120
883
7486
1849
1218
2646
1655
1943
1842
5717
5676
7708
6721
7165
30
6994
4835
8111
4087
352
3665
1002
2767
1001
1834
3092
6191
4905
793
5352
7664
8066
6389
1042
983
4557
606
2795
2584
4914
5577
2458
3321
5695
1418
7674
7109
497
5021
3850
642
5306
578
2037
6642
2630
2273
4953
494
3554
1744
7386
2147
4937
7921
2675
3491
4473
7283
5336
1848
1107
3002
7042
7604
7067
1403
1376
2932
3293
5731
3155
4245
2122
7382
4448
4116
4292
2743
393
6875
7838
7742
3242
6323
5946
3584
3969
4337
2249
1430
131
1173
1343
6839
1251
1714
5269
1532
4114
7163
3497
8050
2221
6153
4518
6670
3353
936
2128
7550
2416
3880
5482
7577
1011
177
8063
739
6932
3528
6476
6897
4489
4157
719
1273
5447
3355
1096
2797
8146
2757
3451
4405
4149
343
5645
1411
6239
2178
5419
3565
7086
1775
4528
2545
1494
7880
1914
8104
1407
470
3858
2006
7559
7977
951
4225
2865
6800
7969
3512
550
4707
571
839
3277
280
6481
1343
1117
5841
6305
2175
6996
4771
6949
7504
5837
7564
3295
8171
3162
5757
5178
3517
3321
7682
706
4353
6480
4802
6250
3247
3982
4251
363
7280
120
7664
7296
4580
1849
6226
2673
4184
7341
817
2094
782
7695
1117
1739
3508
799
4252
6812
6568
118
1264
2525
60
6669
742
6020
7455
3572
4315
2105
3928
1532
3350
5331
998
5555
7794
5043
2458
2678
1241
3772
7304
5829
7830
765
2878
2590
2700
3409
5033
5352
3223
1256
1190
239
3902
1182
4739
4140
5533
843
8160
1111
5019
2429
392
1987
3474
7441
7276
3509
2553
1230
1649
1892
5165
3469
608
6543
2668
4330
5975
2364
8052
3931
882
1751
669
4431
1232
6621
6466
5386
5086
3749
459
2222
785
2676
3841
6751
8006
6922
1880
7586
7169
7940
4307
5993
4140
7935
1607
4099
744
4216
3694
7586
7811
6038
7778
49
7536
2100
5496
5568
7819
6934
2357
1617
6373
2204
2560
5791
419
288
4787
7923
5017
8061
2001
535
6413
5120
659
1093
1727
4616
8148
248
996
2213
6701
3999
7977
300
1296
280
5901
6435
4371
1200
2207
6523
7769
8061
7450
5837
7928
7517
1944
7834
1508
1736
338
2632
3050
226
3055
7846
2688
3554
3954
4408
4385
5547
4045
712
5400
1901
7451
5185
4856
1609
4810
428
1251
7762
5566
6743
1929
6949
4596
7829
3193
7469
491
5927
135
5295
5348
6047
4688
7577
8003
85
1114
357
5414
7320
2193
1102
7319
618
4416
8136
7421
576
4089
3452
6367
3540
6356
6947
7342
3248
1324
29
5140
5676
1002
376
699
7179
3850
3684
7255
7010
396
4407
2406
4323
5790
4132
3928
221
1
5698
2113
7712
3300
6644
5036
681
5987
8144
1283
1276
246
6179
478
1792
2095
6054
7087
654
1598
6948
3395
3404
6609
5133
7397
1257
7832
1376
8183
3207
3227
4596
429
187
718
7813
4855
616
6117
667
6893
5950
2049
1290
411
7139
1789
2961
609
1770
8087
7345
3938
1710
3970
6209
3551
4674
7153
6572
3981
6764
5070
562
5255
7559
2222
7928
1444
813
6389
3525
8019
6754
5507
2493
6579
3726
5670
1264
3256
7679
7136
5902
3966
1303
2268
6217
223
4507
6635
4170
1167
1166
5573
6483
1047
1203
1263
1619
3830
5042
287
2399
6681
5579
2970
4517
4966
7811
1489
165
5494
7523
4275
4234
8167
5440
5224
4518
7705
8072
25
7411
4130
6828
6533
1013
529
2739
5157
6442
2317
5269
6481
3533
1551
4309
3436
7059
7010
3378
3882
4213
3204
6299
2125
4187
6219
6383
5000
2904
6131
522
4698
105
1342
7074
2997
5295
5858
334
140
1129
2981
4439
7417
3065
5949
7901
6199
4561
5180
6989
6147
5344
339
6773
5895
4091
1395
2943
3077
2440
2316
4821
2848
1404
2931
3453
6464
2853
4870
3778
4584
5307
4933
4898
6611
7339
6169
5758
3137
6717
7805
3335
8016
1129
5732
2170
2535
7299
4612
5359
6571
3940
7651
3695
7433
4331
4471
6592
2239
682
2199
4682
2357
1521
834
4094
7726
5442
3242
7591
983
3830
6820
4911
7788
4462
4034
4143
7917
5704
4761
7013
4491
6969
1790
5364
3773
4414
2645
6790
1590
1316
4938
966
5239
2991
6554
6615
1237
8163
2596
4531
5489
1182
5134
955
3140
7332
3078
5635
4802
3428
2913
8004
1108
4724
3424
734
6628
5917
3317
2052
2063
4827
7008
464
2887
7867
6849
7253
3257
6339
5573
8085
76
2575
849
7632
6438
7295
6266
5720
477
1513
5161
4994
1062
4932
270
6491
5082
6672
3407
6627
1912
5523
1211
5800
195
6840
2709
3131
4875
3619
5661
3891
1459
6072
2797
1572
751
4323
8168
1551
3113
5158
6044
1072
7504
7424
6167
6097
6574
1625
6802
7031
5599
2280
3916
7127
2702
3489
2649
2732
7008
4218
4969
837
7325
3342
8016
3810
2506
7745
3147
1622
6772
2554
3799
4893
7161
4729
2479
3173
4457
7063
4926
538
1549
8070
5808
3089
5350
3826
3656
3256
6722
1091
2811
7573
3731
7394
6868
3895
48
1841
6674
5405
7486
149
1738
2324
6530
3817
7755
6992
7652
3369
6838
6262
5990
6599
1511
1339
4525
5273
1946
4228
7452
6248
4385
1770
3846
5269
1538
5572
7279
1312
4496
561
2739
5071
7946
3763
4881
4625
553
7907
3994
6059
5359
2288
7781
7749
7127
4312
7653
6408
416
3850
56
7300
1445
3456
3088
1270
3631
5158
1
2649
6628
2385
6353
1297
5093
4215
7468
4770
5437
6066
5875
3263
3098
4935
1677
4778
3227
5351
2389
2533
1627
7547
644
4348
5267
6808
2931
4753
3152
2445
4066
2908
3728
4646
8112
7079
2493
2460
4422
1030
2333
1711
2739
360
3954
3086
2308
5813
2108
3016
3345
2939
7535
4650
4277
2551
1033
4797
3369
4100
7323
420
7902
3367
4303
5173
6078
2527
7808
7517
6685
5646
2980
7041
4873
3014
4278
5739
1572
1396
1539
1675
2577
1349
5221
5334
1745
2291
1658
5172
6671
5926
3917
2917
2245
7904
19
1168
6404
544
286
5430
6983
2113
2360
1372
4260
3837
5837
6953
4698
5303
4111
4992
3638
7846
6802
5952
875
4177
4172
6182
3961
5244
1303
4216
4986
1627
2806
5799
2002
2236
6992
4710
2828
222
3147
1391
2099
6005
7481
3462
1108
5762
7493
2661
3986
7288
4062
4985
4909
4073
4970
6345
1824
6302
1174
6430
2784
3464
3073
7909
1933
7338
2002
2109
6863
4554
7730
3560
3221
7191
5320
6663
2603
4907
846
1431
6583
825
7111
1484
6207
6482
7005
7818
2913
7379
7006
5825
5108
1313
8015
6819
7905
7389
2762
4262
2893
4448
5680
754
5638
4922
3219
5653
910
329
1964
2139
1766
5043
5871
1482
1992
6543
7255
303
4455
5798
4956
2240
6617
672
5623
280
909
7625
3491
7761
4359
7883
2955
1526
5818
5243
2705
1157
6200
3207
5407
2271
400
3873
2457
3105
5086
714
3665
7705
3600
7875
5665
7468
6097
6618
1942
7971
1877
6247
1296
6773
1370
3997
493
7438
5453
2645
2282
6663
5907
7012
2117
4674
5870
5545
4787
6413
5485
2391
3084
3326
7747
7031
8068
7504
2077
7012
7343
1858
6388
4233
1572
7254
247
4366
1863
6098
498
1544
6853
1355
1966
2773
6954
85
1406
1709
3796
420
7689
4171
2700
740
6631
7222
2370
6636
8116
1028
4693
2436
5632
686
873
5104
3747
728
1862
976
2475
2719
1645
7695
1896
1344
276
5415
6956
1450
603
8001
3896
7071
1520
1233
5178
2385
5769
6996
1000
6723
415
7353
5389
145
4586
5547
3654
472
379
336
6506
3981
4595
830
3018
1520
7987
7960
5331
2272
7935
4261
6085
1587
4836
5437
7835
561
2521
273
7345
6295
619
642
3409
8050
7502
6451
764
2258
4967
6012
6586
2699
3295
4610
4030
2711
4647
5039
7731
978
3305
3170
128
5136
4249
3021
2625
3083
3749
6886
7085
1957
6594
2818
270
4616
5130
2393
297
2807
5035
546
4641
218
4808
4415
519
6816
7493
2394
1533
5444
7709
4083
996
7144
2702
2280
8184
4271
4582
294
3344
2469
6475
5085
7385
6361
5818
7682
6862
7830
6827
7028
4971
7005
143
1454
4600
1027
4642
645
2932
2176
3291
7273
469
5140
2317
3785
6791
7479
2657
7949
5587
323
4913
2073
4408
6237
908
6625
3498
7447
493
2778
1275
8028
7278
3163
145
7471
7909
776
2871
4325
7743
5809
7332
991
4175
8010
6339
1098
4825
5853
970
433
6908
7746
6742
6602
7224
2891
1597
95
1074
3408
6945
4617
5751
7599
2531
3445
1579
1782
3135
8048
122
7908
3972
7348
3889
8167
375
5145
5558
6796
4150
5547
1586
7339
4925
8087
5647
5647
3292
2914
7229
483
3001
4346
2725
8147
535
4249
27
2227
4544
7930
7924
3979
6168
572
6976
672
1458
4671
3706
1333
2171
5943
4268
7365
4769
5773
4870
7202
4501
2411
6100
1247
7856
827
7326
642
3922
4593
3842
485
5120
891
1331
7923
6929
6696
832
879
3444
4765
7906
2852
1784
7548
4871
3420
3835
5290
1826
4671
5013
1336
7416
2715
681
3780
295
557
428
5864
3598
1278
1587
5432
5819
1367
2404
942
4413
1643
3322
571
6355
2952
6420
556
2568
7158
1592
3649
4777
6047
5937
1831
7482
5803
95
3750
4388
3198
892
7050
1107
3340
3265
2439
1165
7872
149
7720
2293
5838
6622
4647
5711
3263
6913
6761
3535
8053
1546
4031
3361
6804
2085
3559
1223
518
4328
6084
6154
4510
1711
7696
118
7715
1339
3566
2293
3025
2056
6779
477
4313
4469
4123
6635
6711
4634
6514
4820
3764
6321
2607
8111
1218
6526
4859
1688
5395
1094
6941
5357
2165
1760
4799
953
5105
4469
6546
7521
6924
5177
6348
344
202
2799
1195
5665
8013
7078
1563
4476
6083
5332
7333
4817
4230
3860
1356
8188
5424
5911
684
7891
6931
7130
6213
3745
5329
4957
1062
1099
3625
6145
6174
1317
994
2393
1011
8078
223
248
431
776
3926
3494
6915
5167
7054
2685
5918
7198
3540
3844
1408
899
3693
6863
216
7139
2593
4970
5447
5742
7896
4341
3163
6380
2450
1704
1457
1110
210
7317
3724
2580
1903
1214
7423
1063
6541
2966
272
2774
4391
525
6025
4989
7045
2445
1518
7307
2778
2668
43
352
7738
1980
5214
1642
974
7189
889
2583
2775
5835
1630
7202
7155
272
2540
1816
6262
3234
5955
1665
3731
5072
2488
3648
6480
3878
3273
2448
4218
6864
4564
7679
3421
1905
6288
1424
6587
6119
2208
791
1853
7130
5089
1667
4526
5002
4813
7376
6493
2513
5470
3192
32
2832
4893
660
2746
7218
6503
1525
5988
2638
7920
4371
671
2735
2640
6966
7749
1071
6952
3101
6892
3633
5200
6388
5030
2520
5381
4842
1025
4421
4388
6825
1460
4816
5563
6637
3470
5939
7324
5252
4899
5475
5965
828
6536
4681
6064
481
7828
2884
5461
396
5855
391
6689
7094
5866
4536
4091
7012
2985
6010
665
90
6851
1936
3432
355
6289
5797
2497
3791
7625
5139
619
1450
2936
7159
3361
5964
1054
6465
113
4845
6769
6082
6303
6766
6398
6354
3218
2210
3843
4920
6529
3987
7082
5152
1439
7164
725
5220
1341
539
5322
5065
7427
947
1435
337
6818
135
4021
7366
4411
5469
1709
5815
3835
7274
1581
7763
4044
6808
4910
5174
3728
2080
7830
15
4548
1071
4598
4571
1248
3568
3577
62
4675
3199
3301
2900
7622
6785
723
3311
1783
7636
7686
785
979
273
2267
5069
6430
6090
5971
6658
5997
8155
7455
1997
4549
2527
7068
7520
4667
227
6236
2188
4329
749
4463
2974
1308
3919
661
6793
6689
512
314
1298
3380
4929
326
7069
1057
6120
4234
3297
1018
5791
1768
6488
3381
6432
3153
7783
2749
3854
4150
6356
3593
3314
958
6557
1831
6313
5708
2855
3943
2274
1440
6802
6551
5006
7520
7034
7288
4445
2319
4264
3161
2192
5755
586
5301
2176
6907
2624
670
3778
504
3086
1754
4605
3969
2458
5015
5714
3230
2960
3433
3090
6144
6033
4252
5811
1500
6871
7833
7137
6414
991
4782
435
109
4693
3590
5309
6966
7232
1127
1002
5248
1193
1110
6071
7245
4510
5562
223
6075
3147
7129
7222
313
6146
7560
2497
4819
1108
4039
1597
8170
6111
7063
6202
6251
6929
86
7610
2150
2039
5919
684
5973
2080
3544
1567
558
2389
7798
3072
4960
3668
5184
8015
645
7968
824
4417
5859
5672
3780
4318
491
2205
3752
2773
7387
2958
4081
4190
5399
4304
2664
4525
6251
689
3935
4056
5754
6562
2165
1166
486
559
7935
2045
6973
2613
2208
5874
4526
5611
2720
6326
449
2790
7308
5868
4889
6072
1360
3434
5912
1972
4186
2652
5621
2000
3119
1221
4088
7721
5834
7672
3865
767
7947
3268
5193
7683
7799
2363
2886
2824
3658
2100
2960
2346
920
1410
6674
1575
2365
4471
6434
6040
2692
2341
5332
4135
4348
8190
1352
725
144
5166
6771
7305
1967
4213
2880
6761
4870
1948
3703
2709
718
8155
4121
5733
2175
2456
6727
7443
7521
3372
4777
3292
5338
6223
2458
7759
1623
38
7018
4641
3189
2377
7493
6555
5293
4295
7627
3603
410
3427
1820
3926
5713
7133
2933
5776
243
1745
5350
1712
5262
2343
1659
236
2238
5267
7893
1201
7267
4407
2642
2308
6066
6730
7063
2669
4282
7075
5148
5076
120
2593
2975
7740
4781
7846
1002
2374
2988
3752
1068
2233
3167
6660
6185
476
5776
5186
4863
3511
7465
5305
7341
3456
1769
7306
4926
5562
8192
5355
3020
7891
7132
3557
1925
1318
3322
8044
7710
2545
3448
2365
977
765
2134
3454
1035
1031
3316
2175
2973
426
6833
6893
1214
3708
140
418
1301
4171
4808
4983
6292
5350
7107
3563
4949
7684
6931
2859
2755
693
6149
6507
792
2143
518
2988
1224
3435
7431
1716
2845
3214
3140
5019
3532
6682
7936
7612
4334
4901
992
493
8052
3524
6590
1471
3021
1618
2147
3222
2849
1131
955
4288
1585
261
3043
4045
1746
6261
5542
2965
605
4116
2058
1208
2392
4068
1057
5894
5255
6090
6594
1678
4035
6836
3419
5522
5838
839
3546
7285
7047
146
3735
5209
6795
7960
7794
1687
3777
5846
4823
1897
418
5888
5820
7728
3837
5347
5175
1392
1960
7596
5770
563
5659
1894
3405
8131
3137
2189
4559
4296
2272
3742
3680
1435
3470
3644
6117
6396
2812
6253
5843
4174
1952
263
26
7
86
4212
6458
3774
3021
3613
3976
4967
4327
2737
4970
751
455
2000
2353
703
7565
7393
3461
3052
1810
4948
4606
131
6941
1621
5168
1022
5729
549
607
1422
6525
1162
2392
6493
4221
8108
5109
3655
6358
5432
1355
5390
5468
5418
5435
501
2050
4570
698
7534
1928
554
5201
591
2389
812
7274
5133
7338
6017
7681
4358
3909
587
2105
6564
4793
2482
4591
1410
3379
3897
7540
2016
2619
8083
3322
8139
2393
3434
3913
6479
7535
5212
3417
5003
5749
2972
2868
4932
7794
3303
6142
1312
1302
916
7978
5127
292
1015
5336
829
4244
4636
355
6613
2142
4985
4907
4728
3328
4076
5276
5211
5464
7096
3872
2937
4597
7797
1977
6171
6915
1310
6549
6095
4220
1878
6181
145
2350
2670
5841
1043
7693
5189
4633
6855
342
4823
4440
5363
5753
6816
3327
6712
1384
201
8108
482
3994
1830
4187
891
3171
1236
2954
3024
6760
2534
5343
230
4616
2123
3388
1547
2776
2408
3236
5973
1293
4744
274
8160
6675
1131
6290
4814
1881
2385
5126
4161
1844
4637
2571
444
3653
3869
134
4754
7588
1877
2083
1900
395
5849
1941
3480
5037
6190
5405
1926
391
6671
1925
5593
2591
6403
5563
1467
578
3813
4892
7580
4964
5768
6023
7252
4362
145
7710
4045
1225
695
6223
7608
1033
6373
6525
3659
273
3038
5054
7516
1923
64
5779
6466
400
7344
4246
2025
1586
4459
7319
5234
181
1197
3764
4627
6838
1717
4867
7228
3969
1717
7542
1598
5837
5734
6091
7741
2341
449
1239
1734
1700
3685
7935
2653
7948
6656
4930
2889
5406
1098
1438
5281
4990
3884
7603
7716
8188
257
2322
2180
2354
7065
6800
5414
211
314
3718
7582
7417
709
3222
2177
3146
2448
1123
7274
7826
4316
624
3417
6812
6064
7544
7217
1639
596
7013
7934
954
327
5548
5272
5054
2096
2377
3888
4489
3651
2444
6282
3054
7952
4392
4242
980
804
1266
1725
6468
3445
1205
2143
6326
2336
7696
3400
7595
1245
1571
973
7804
2923
132
3892
2993
6801
1105
6686
922
5112
6245
5527
7566
4600
1872
3711
6576
591
6286
2516
763
642
3221
4515
1606
6796
5185
5671
7200
1411
8155
6342
1291
1096
6607
6052
1590
7028
3064
3769
7337
3345
6943
345
7396
1125
3049
7653
1103
6819
3222
5943
7559
718
391
6586
6699
7667
3590
8020
6415
7718
722
1242
2775
5061
63
5365
7351
7190
257
984
7906
7023
6688
5984
3450
1340
2553
1936
6012
6453
3161
7977
7224
4883
6992
4687
7737
6187
5445
5379
337
3372
4299
5666
7842
3335
2266
6146
7645
4038
8119
6015
5064
914
4366
2989
552
4675
1393
7590
3945
1733
1851
6175
633
7134
4585
4668
727
4434
3659
4240
5586
4111
3768
5244
5429
6589
1225
4090
4019
2266
7744
9
1218
2911
417
175
4209
8010
6862
5758
2404
6126
6187
2875
7405
4316
5613
3802
5056
7834
709
5382
5093
6827
1108
2402
1782
5589
1818
3291
6185
6742
4353
5959
2827
4391
3817
3728
6529
6090
6994
7176
6120
7804
5501
2284
7084
7357
2748
1981
4940
5106
1217
1159
2957
2780
5694
4058
5436
4750
196
7519
5764
1101
5182
3953
6761
6925
2291
136
948
7630
1945
3811
3305
5326
7206
4515
183
7433
6796
4993
5932
52
4601
6007
3308
1631
6108
5493
5458
7544
7286
4808
2697
4600
8182
3903
3937
2696
2071
32
7156
4581
8114
5390
201
6917
3878
8142
3279
826
4676
7435
4480
7023
3784
2027
3881
6960
1865
3203
7160
5334
6670
2177
1862
739
3594
6181
8029
1932
6958
174
2287
5778
6749
2463
73
6807
7239
4727
7133
816
47
4394
636
969
7024
3724
4255
7110
6861
3047
7156
5282
1373
3528
7972
7603
7500
4847
4952
4802
6997
2163
3888
3289
5079
5106
3256
5700
2169
2090
3049
6030
3357
2913
2741
6760
986
2642
3728
363
7491
4064
6341
2005
7480
109
2178
5315
629
7985
4473
7848
652
31
5848
2999
475
5963
8136
5692
5411
543
4767
8141
7324
1695
4383
8000
5843
3110
8063
3723
7135
8161
4995
3321
6147
4304
1979
6814
7904
5270
7197
8165
4006
1844
6124
3044
648
3404
6954
5277
7894
5502
141
5227
764
2807
5548
2240
7062
5560
1385
5447
2818
7955
7851
514
6273
4959
1439
188
5669
738
4497
1351
5072
3959
1817
4491
2565
1460
7812
7346
6417
134
6187
7809
2422
4184
1135
2158
1895
3058
4521
3875
7165
4120
3448
4841
3228
5288
2391
4640
4704
6107
7316
4425
2162
7073
5971
1921
5352
2430
4254
6346
3252
7566
6391
6536
4451
6723
2759
6453
802
1090
277
3270
6303
3154
6163
3916
5586
1946
7279
4785
3647
3671
5575
6430
6329
1489
8186
589
7616
6879
5906
3366
7443
6400
6194
2816
3399
6070
7946
8099
6920
452
6422
4548
492
5727
488
7445
5153
6290
4497
2964
6826
3059
5693
4328
7994
7106
4529
863
3345
639
4272
2720
7841
3588
6609
7625
161
3430
4439
3892
4433
2928
3929
243
5951
4827
1912
4336
1638
2494
4144
7395
2738
3089
3449
1676
4649
5378
2875
1179
5552
693
5833
5090
1963
7614
4075
1181
1376
4723
2829
3328
2601
7425
3633
8041
2365
3771
4988
2028
3167
5389
6197
942
6924
4939
6261
5338
3451
7079
172
6834
5914
3693
6364
1864
679
4259
2449
1798
3750
3789
5936
5994
3854
1520
7886
88
6660
7273
6308
3759
4486
3797
1828
3488
4094
3997
8018
1751
6320
6414
4919
7129
7445
427
1105
7307
2974
3050
466
4650
3831
7670
3214
5110
703
4601
7090
7871
1975
6222
844
6190
7983
2475
733
1677
7868
3845
1765
1079
2626
7529
4401
3173
3593
1876
3032
3341
5069
7370
6812
7114
2491
5652
7930
3425
5174
4837
3079
2537
3690
6534
5691
2862
4282
757
4386
3272
6103
3027
4099
4990
4337
7171
5915
1493
2981
6230
6138
4692
4935
3749
5743
38
7012
1148
1355
882
6887
885
6767
5313
1324
2246
7284
5945
4245
5952
3651
4852
1171
1404
3187
2953
1163
1583
3266
6769
6625
6319
5722
5100
8009
1622
4372
1974
6989
3698
5347
7041
6666
1880
4548
2615
4410
171
4394
2711
1058
7021
1013
4686
6737
1590
4371
3972
2558
1649
3285
5873
4459
7116
1714
4009
3767
5307
2647
6836
2913
7127
1185
1227
6401
4905
2871
1124
6772
7646
1559
7343
6965
145
891
5337
293
6189
4707
5178
3669
5207
5291
5615
1807
6384
2062
5574
5098
6802
7530
7564
3638
2878
1498
5233
3521
3361
4406
7508
2394
5480
1299
2755
3124
1580
4602
6874
1325
2275
4529
1960
6238
5082
5755
7981
8174
6888
896
7647
5119
1603
2370
5738
3822
6739
2468
6036
1180
3274
1986
1843
2551
7548
6826
4035
6879
4012
2514
8121
6270
5399
6539
1621
725
2539
1212
323
4205
4987
1740
1330
5219
917
889
1634
8071
4113
1450
448
6811
7709
4994
3331
7947
5273
7782
521
2575
5633
349
5637
2188
6818
1810
4728
4653
6227
1390
48
5995
7272
7135
2907
2873
3427
1397
1791
3787
1662
6514
4877
4499
5759
5524
5446
5137
436
6306
5240
52
1571
5500
3939
3724
7376
122
7731
3823
5677
4735
4263
3589
4294
7983
6013
7651
3460
5047
1686
5613
6302
4724
2237
7229
6542
5016
7141
38
5038
3925
5080
7077
5027
1636
3962
7941
7360
6509
235
2431
7903
4294
7198
5649
6869
6678
6383
598
5263
3245
7811
5912
7134
6509
6902
2806
6331
1344
1669
1439
7575
7580
4633
8102
5024
6173
730
601
4065
6446
6782
2610
3334
1843
1069
385
8109
3185
3270
5957
6422
2717
3316
5079
4813
2835
1988
7713
3234
6662
2128
3470
4498
327
8153
5467
3371
4770
793
3132
2748
537
1712
4632
5116
1110
3756
6055
106
2682
5813
3635
5838
3222
5129
2760
6703
5572
2369
1918
3254
3143
647
288
1914
6788
6956
1528
5949
349
6672
588
3944
4101
1761
5203
1378
6713
123
4393
672
4860
3456
1140
5033
2876
5655
957
8106
7576
144
1879
4632
6156
6091
4912
2720
1359
3891
5302
6225
6604
5222
6574
2450
2550
3615
2549
2681
3803
423
1184
4440
3503
2455
6000
1867
6657
6425
1389
7797
3724
4068
5458
2550
1620
5267
5659
158
4341
1089
4320
6126
4381
1900
4498
3153
3871
4703
7823
4603
7307
1781
4168
1156
2955
462
6520
5196
1294
695
4901
3110
2584
3419
3755
399
7669
955
7631
5220
4052
1010
7366
7934
5434
2251
1552
2837
6884
2064
3662
4286
4124
5987
2151
6468
6560
6886
3150
7269
4845
377
6026
5616
2376
6753
8106
3354
1437
2021
6342
1980
2839
956
1752
3049
482
3346
2391
2641
6260
8072
1290
7208
2149
2569
3854
5121
5677
4346
6780
194
3815
7002
1500
4056
4013
1238
5675
2613
4125
4185
4033
1966
387
6339
5361
7523
7173
1153
2485
1517
3104
3931
7349
7564
2078
4619
2351
5662
1694
7694
7553
7603
2353
7225
1939
637
7077
4642
1871
7627
4918
7649
5723
6780
3465
173
6201
2225
1236
6662
1699
2844
7198
4840
552
3698
2475
7094
4159
7070
648
8098
3770
7335
5177
4573
539
1723
3411
6237
6980
5285
7534
5623
160
4418
397
430
7577
4862
4496
5090
5476
3973
3326
3547
1502
7971
7461
5015
6243
996
1653
2201
5496
5
7952
983
5956
3667
6216
27
5060
6171
4677
7806
3619
4019
4182
1769
3653
2150
1261
1172
5259
5742
7726
2559
5396
5334
4808
5751
1020
6029
6268
4056
7308
1519
5243
2488
6404
7995
3142
2308
5744
6812
4187
3118
2219
420
2791
1004
3987
1349
5861
1440
780
7127
4537
7097
340
528
1738
1788
4125
1421
116
2632
6678
164
7543
6710
802
3992
6099
6087
3191
6971
4507
916
2652
3436
2685
4002
4156
5270
129
7687
468
5051
5568
4610
6449
3001
5186
4730
3792
7189
3323
3776
4073
3097
7363
2714
3511
4845
2706
4119
4791
4447
3935
1024
4432
5367
268
2612
7307
4575
7151
4766
477
2356
4546
6826
5869
5285
3413
5013
7198
1012
1892
6110
314
7443
2784
2751
4214
2063
6758
1619
6808
3300
3839
3574
177
1577
4706
982
6921
370
2151
5821
6712
5306
3198
7176
2763
2588
5054
4717
6553
1685
4963
2092
5794
1627
6532
7100
6946
2650
7686
5763
6355
4650
6647
5752
4346
3703
600
3474
585
1342
4965
4329
1387
2278
2713
2098
1200
5223
4257
752
1153
6194
4676
6508
3095
5141
8134
7612
1181
6146
7145
2473
570
7294
6499
1687
5523
2189
4346
2417
4681
4254
4327
419
2804
2628
2935
2147
4861
6095
7473
2133
1548
7141
2069
4223
7296
1015
3767
5224
6347
3471
2644
630
7928
4131
4226
287
6442
7096
2805
4691
5207
856
7211
5802
2228
7841
6005
7735
1721
5427
1353
5918
4436
5983
8040
3528
5522
7475
6865
4381
4777
3701
3522
1102
7013
3467
7867
7214
4877
5610
765
5416
336
1777
4685
3128
6666
624
2419
919
2922
3038
2988
3754
5226
7577
3727
5156
7108
8023
6021
169
4548
5012
5831
5673
2917
4743
6194
2371
1638
2360
4302
1331
166
5456
2995
861
4401
131
4940
5443
8154
7434
4720
2559
3174
1966
7847
5386
6810
2833
8161
6366
2667
2900
4050
3105
4312
7372
4513
2293
1141
3251
2339
4938
6311
5287
7453
7482
7298
1580
5905
5989
2072
5310
2761
7348
348
6954
2191
5765
4956
7486
7389
7585
1631
2231
388
6145
8177
2225
1686
79
4914
4665
7361
2251
1518
1119
748
2407
6680
5668
4973
6874
628
990
354
3375
5316
7947
5686
7909
3434
5865
5402
4438
2252
33
4928
6294
2995
7788
3367
2553
1468
1818
5524
1054
4508
2972
3659
5599
7112
7078
6522
3394
4722
5500
6574
5367
1623
5707
5151
8083
1446
3408
4516
491
1755
1247
4894
4582
5386
5498
1810
2055
6254
1996
6068
441
3345
3559
99
4858
873
4436
7291
3889
189
5882
2801
2652
1948
5328
3322
3672
925
905
1955
4414
3883
5429
5423
6635
1465
804
4375
2807
8088
4022
1041
1100
7134
2670
6763
1703
5966
3908
2387
971
3877
2172
4310
329
2068
2408
3036
4744
1930
1996
5867
5512
2261
1039
306
6108
4399
1560
2101
2976
2942
3337
3869
8036
6400
3750
6831
935
7181
5789
7394
5469
7014
7431
7006
4838
4692
6955
2658
533
7492
3626
4875
3641
6936
5231
7428
3242
7990
6419
7868
5308
5382
5752
7649
968
5758
7482
493
265
2940
3493
6291
4897
2528
6176
7829
5436
4186
7634
6957
1208
5954
7293
19
5712
4159
2076
2783
2583
89
2208
7033
1952
5031
7632
346
6920
5068
1096
4224
3643
3666
1806
3104
2808
3207
366
2827
394
2109
3604
6988
4064
7152
3983
230
2168
237
8106
4420
6088
5673
7325
1545
561
601
3886
341
589
8179
496
4115
2364
4377
566
5683
2442
6157
2681
6829
6666
3070
6694
3175
4933
2656
4944
141
5992
7009
1205
5803
5581
5532
6787
1108
3933
5125
3723
3540
4778
4323
1532
599
326
4183
1115
1440
3849
4639
4072
1986
3451
2975
2856
3573
2162
797
7094
1084
2740
3551
1909
7619
4179
3772
5599
5142
6885
1093
2246
3591
5394
3584
5331
1597
133
2697
3840
179
1134
7607
7927
1491
222
1650
6376
435
3243
2011
5132
3951
1028
197
4573
3158
7675
3257
1899
7738
3456
5792
7317
7290
1413
608
3755
6943
6886
1447
1296
3060
2192
4323
6254
399
3607
354
475
2
6957
2454
3304
3870
6710
3429
1931
1979
5879
3435
414
2993
2198
6420
1236
1784
4454
3894
1486
773
7311
4812
5488
6856
3437
4380
3720
2567
1410
8067
6716
3307
1509
4734
8144
7819
5553
3562
2841
5722
6931
6406
5355
7867
4121
6246
4464
5682
7360
183
365
6827
7139
2996
5417
2652
7545
5040
908
2257
1561
684
6479
400
529
659
4784
5263
4744
7728
1486
6270
158
1522
6823
1936
4960
4441
2869
7384
6147
3600
5958
3155
7688
3008
3210
1703
2704
1127
7406
6124
1296
2679
2600
5892
1669
5076
5038
222
6148
6356
6839
258
4946
855
1494
7769
2142
580
6279
3955
1575
1677
4994
6649
6877
3239
6614
4226
5545
736
4071
3377
6648
3663
7642
5261
5438
1903
8019
6069
542
6263
2190
2901
1267
6346
1032
630
2255
6535
6558
1840
4742
3709
855
4207
2494
7121
2526
6838
5137
3228
2975
2517
1234
1402
7951
7879
2544
5941
7084
8155
6211
3135
253
6086
7839
2776
5617
6112
4229
6502
3015
1093
8077
1251
4093
633
6697
2508
2965
7990
3270
6196
30
2480
2539
5232
2941
4911
3541
212
7569
7518
4330
909
3917
6435
3236
814
3555
2745
313
2458
1559
2830
3883
6809
4511
6261
2739
2869
3014
5617
6570
248
1505
2978
5630
6542
6715
7809
7348
6478
7596
7432
2996
3307
6957
3891
4780
7653
2827
2482
5000
7284
2226
6252
6937
799
5041
5499
1024
5423
6617
235
7078
7706
3360
6722
7520
7427
5849
5811
3016
2088
4289
2415
1653
2687
3944
1449
2062
6649
5274
751
5062
5563
8098
6139
1706
6178
5279
97
5154
5556
2397
2940
4817
445
7807
416
7246
4599
7920
4673
4055
6894
2802
6379
3002
7578
6244
6147
3933
957
7515
5195
4408
1764
5648
3331
5178
4487
4910
2717
6570
6298
749
7206
2352
7604
2523
5218
391
2633
4223
3556
755
3749
4938
7250
4961
5429
8137
4821
7214
6115
6787
6109
3005
6044
3005
7870
5635
1487
932
412
3000
6253
7553
2418
675
6518
3706
7320
3328
3167
640
2739
5321
5614
5512
950
5399
5935
5515
7340
1968
2601
1849
7028
1718
7274
2984
7764
3747
2731
7774
5134
1610
6390
1286
977
7792
5253
1502
5732
7060
2870
1009
130
3119
7979
3195
3296
6899
2360
3505
5705
4822
4286
3625
1248
3617
5719
5933
3270
857
3082
4725
5685
6938
5883
876
7149
7994
1960
7333
7006
4271
4676
1231
7504
5710
4739
2066
8150
7693
4226
4513
3743
3880
1060
7062
996
5517
2805
3578
5013
3204
6792
5096
3279
2202
991
3636
4920
4449
2622
1039
6045
56
7333
6913
6495
912
1783
8039
7075
2523
6548
5387
4435
3957
3999
1356
3167
7013
7087
5605
8179
8170
2238
7683
6085
7837
3177
39
295
4950
2851
4023
6769
7522
1953
484
35
5801
279
3849
7251
5468
3435
403
7912
7500
6255
5
7672
4184
7563
6072
334
1951
5609
5989
6083
7650
5615
310
4806
1418
6375
1231
4133
7920
3539
739
2913
699
3407
8112
7567
220
4534
571
4862
7160
8113
464
7384
728
1502
3097
2294
3551
6717
7020
973
6692
713
5132
7435
6620
7391
2634
1189
7619
1213
3673
6363
5451
5395
2480
2924
8025
3824
6749
2055
3900
1614
1738
6069
5497
4344
2254
1655
7245
6044
2223
7697
8000
3669
7970
4744
6285
1757
589
839
7885
6911
4816
1922
1998
2971
7631
6445
6027
1329
4876
5709
4050
5005
663
8073
2763
6449
3430
5994
3453
1520
3919
4631
4955
4579
6907
4682
267
4698
862
5467
5165
7644
568
8048
4811
3064
1147
3850
6620
4380
8072
6354
2215
7236
8131
3382
3317
7760
6296
5776
3752
7179
7104
5932
4215
7214
253
5095
3952
7359
5911
384
2035
4791
3035
3196
1594
3222
389
755
1359
7565
5107
119
2076
2611
503
7562
3441
7136
5350
3986
2302
694
5140
3484
6630
7454
6945
5703
4323
4278
3328
1955
6539
3534
4211
5510
1677
3297
279
1774
64
1423
2620
225
3726
6728
1224
6343
6289
124
5277
2264
1227
7589
3506
7705
3099
1015
5144
7511
5972
119
28
5537
6983
4385
13
42
748
2975
938
4014
4348
4422
2932
2846
5772
3448
7809
5437
5546
1505
3878
6842
2473
1918
5397
8120
293
3848
900
113
2168
72
761
6908
8132
6212
7200
314
4362
7689
1065
7836
314
844
7822
1787
848
4560
7899
5159
7244
5125
3425
4293
6093
6784
5420
4268
2699
43
3565
5398
111
368
1556
1825
6288
481
7224
2835
350
6914
3562
5064
6274
528
2932
217
4233
7147
4333
7191
1083
2123
470
2434
2155
873
7502
2522
7673
8100
879
1123
6744
5453
7501
5248
8116
3218
57
5458
6174
2898
273
4420
3030
5653
2758
1211
5514
3973
4754
2728
683
2290
5381
7838
2702
1560
1548
5899
3296
4331
5743
4879
4578
2453
7697
5325
4815
2326
5673
887
4016
3214
4476
4204
6092
1410
7210
8000
4716
5554
2872
2634
5083
5783
1520
8116
261
8159
3734
7414
3551
4364
1440
1410
304
7729
834
2138
2928
3630
2037
4053
5319
6400
6438
3069
2426
4570
313
4337
1978
4086
1399
5545
4908
2803
1462
4636
265
5813
7055
2214
2437
633
7290
5560
6395
7360
2354
7126
669
5972
3040
3574
4887
4576
397
7197
2303
6936
924
2365
3327
3548
3277
6101
