511
510
510
509
509
508
507
507
506
505
505
503
503
503
502
502
500
500
499
498
498
498
497
497
494
490
487
485
483
483
483
481
478
477
476
475
474
473
469
468
467
466
466
465
465
463
461
460
460
459
458
457
457
456
456
456
454
451
447
443
443
443
443
442
442
441
441
441
441
440
440
440
439
439
438
436
436
435
435
435
434
434
432
430
430
429
429
428
427
426
426
426
425
424
424
424
423
422
421
421
421
419
419
418
417
416
416
415
415
414
413
412
407
406
406
405
405
405
405
403
400
399
397
396
396
395
394
394
393
393
391
391
389
389
386
386
385
385
383
383
380
380
379
379
378
378
378
377
377
377
374
374
373
372
371
371
371
370
370
370
369
369
369
369
368
368
367
366
364
363
361
361
360
360
360
360
357
357
356
355
354
353
351
349
349
349
348
348
347
346
344
344
344
342
342
342
340
338
337
334
334
331
331
326
325
324
323
322
321
321
320
318
318
317
316
316
315
314
312
311
310
310
310
309
308
302
301
301
299
298
297
296
292
291
290
288
285
285
282
281
280
280
280
279
279
277
276
275
275
274
274
273
273
273
272
270
270
270
268
268
268
267
264
264
263
262
262
261
261
260
259
258
253
252
252
252
249
249
248
248
247
247
246
246
245
245
244
244
243
243
242
240
240
239
237
237
236
236
234
233
233
232
230
228
226
226
225
222
222
219
218
214
213
212
211
210
209
209
205
202
200
199
198
198
198
197
197
197
196
195
195
195
193
192
191
190
190
189
185
184
182
179
178
177
176
174
173
173
171
170
169
169
168
164
164
164
164
163
162
161
160
158
157
157
155
154
153
151
150
149
149
146
145
142
140
139
139
139
137
137
136
136
135
134
133
133
132
131
130
130
129
129
128
126
122
122
120
120
119
118
117
117
116
116
115
114
113
111
110
110
109
108
108
108
107
107
107
106
104
102
102
100
100
99
99
94
93
93
93
93
91
91
91
88
88
87
87
87
83
81
79
78
76
75
75
75
74
72
71
71
69
68
64
63
63
62
62
61
61
60
58
56
55
54
54
53
52
51
51
50
49
49
48
45
44
44
43
42
42
42
41
38
33
32
32
32
31
30
28
28
28
27
27
27
24
23
22
22
22
19
19
19
18
14
12
7
6
6
6
3
1
0
