147
379
199
270
220
350
479
430
28
415
18
53
281
413
418
310
19
404
477
391
232
304
136
296
299
456
178
83
437
87
118
114
3
295
135
71
270
435
337
352
418
363
448
509
306
237
494
263
353
145
23
215
293
491
171
193
106
464
134
137
52
206
403
233
288
303
281
401
206
33
424
166
347
57
233
129
232
319
412
167
152
141
0
332
147
18
56
437
474
67
333
105
138
437
303
145
106
154
352
200
279
126
500
141
53
154
118
67
163
113
179
131
363
224
151
359
329
338
191
296
365
193
220
317
23
479
137
126
217
282
79
232
70
461
458
130
127
39
35
56
85
313
444
500
443
267
502
200
486
407
150
129
21
195
360
436
283
81
161
283
337
238
140
215
452
220
490
306
19
207
454
54
283
146
85
80
248
382
66
5
490
438
318
290
70
259
129
329
427
511
466
465
317
155
344
303
172
147
8
69
357
96
90
316
159
247
350
20
168
106
337
200
234
50
281
499
215
427
78
403
487
510
187
210
418
210
183
137
74
440
394
326
54
278
231
160
61
172
145
355
226
205
298
275
132
364
51
20
456
223
219
178
377
126
286
285
178
272
285
341
233
238
14
186
434
35
201
381
226
137
324
257
379
457
258
441
422
421
438
40
23
159
445
424
18
223
89
356
256
477
462
18
322
313
276
507
169
347
426
216
372
507
104
508
208
81
480
59
252
500
192
160
320
120
387
55
278
250
62
158
348
445
447
484
37
232
42
420
341
329
439
32
371
375
16
210
104
424
253
327
38
334
359
434
417
78
486
468
292
281
138
223
70
263
491
471
151
440
413
297
133
461
168
242
125
138
455
361
129
317
88
352
150
406
64
493
129
123
430
245
506
141
226
44
384
495
276
317
268
278
50
159
474
330
351
474
176
47
79
414
382
228
33
129
111
215
144
126
480
422
294
401
124
209
305
410
490
130
378
257
76
278
193
465
215
34
160
465
451
161
463
319
211
187
34
349
10
473
59
178
10
166
87
449
436
182
144
297
449
173
431
77
455
365
3
20
226
49
468
170
346
359
73
504
479
45
307
296
330
80
332
31
338
105
184
18
435
349
213
440
445
395
171
478
152
34
200
133
505
168
428
443
12
206
234
276
169
170
504
238
187
23
464
361
158
102
394
97
490
133
10
452
