0
2
2
4
4
4
7
8
9
12
13
14
15
16
18
18
20
21
21
22
22
23
23
24
26
26
26
26
27
28
29
29
31
32
34
35
35
36
37
37
38
40
40
40
41
41
41
43
44
44
45
45
48
49
49
51
53
53
55
56
56
57
58
61
62
63
63
63
65
67
67
68
73
73
73
73
77
77
80
81
82
83
85
85
85
86
87
87
89
90
92
93
93
94
94
95
97
97
98
98
99
103
103
103
104
105
105
105
106
106
107
108
109
111
113
114
117
120
122
122
122
123
125
125
126
126
126
127
128
129
129
130
130
131
133
134
135
135
135
137
140
142
142
142
143
145
145
146
147
149
149
150
151
154
155
156
157
158
159
159
159
160
161
161
165
168
169
171
171
171
172
176
176
176
176
177
180
181
181
182
182
182
187
187
188
190
191
191
191
192
192
195
199
201
202
206
207
207
208
208
212
212
213
214
215
215
215
217
222
223
223
224
225
226
227
228
228
230
231
231
231
231
232
232
233
235
237
239
239
240
240
243
243
245
247
248
248
248
249
250
250
251
251
253
253
255
255
256
256
257
258
259
260
262
262
264
265
266
266
269
270
270
271
272
272
273
274
274
274
275
277
277
278
282
282
284
285
287
288
288
289
289
291
292
292
293
293
295
297
298
298
299
301
303
304
305
306
308
308
308
309
309
309
310
313
314
316
317
318
318
321
321
323
324
325
325
325
329
329
333
334
336
337
338
339
340
340
340
341
342
344
344
345
346
347
347
348
350
350
351
352
352
353
354
354
354
354
355
357
358
360
361
361
362
363
363
365
365
367
368
368
368
369
370
372
372
373
373
374
374
376
377
379
379
380
380
380
382
383
383
383
384
385
386
386
386
387
388
389
389
389
389
390
391
392
393
393
393
394
394
397
398
398
398
400
401
402
403
406
406
406
407
407
409
409
410
411
412
412
412
413
414
414
415
417
417
418
418
419
420
420
420
421
422
422
422
423
424
425
425
426
430
434
435
435
436
437
437
439
439
440
441
443
444
444
450
451
451
455
456
456
456
458
458
459
459
460
462
463
464
464
465
466
467
467
469
469
470
470
472
472
473
479
479
480
482
487
487
489
491
492
493
493
494
494
495
495
495
498
498
499
501
502
502
507
509
510
510
511
511
512
512
